Projet-Industriel-Interpolation/projetIndustriel-carteThematique-master/sensorExamplePI/outputKrigeage.asc
NCOLS          387       
NROWS          282       
XLLCENTER      4.40      
YLLCENTER      45.43     
DX             0.00      
DY             0.00      
NODATA_VALUE   -999.00   
[rows 204 to 237 of 282, columns 231 to 307 of 387]
73.61 73.74 73.87 74.00 74.14 74.28 74.42 74.56 74.70 74.85 74.99 75.14 75.29 75.44 75.59 75.74 75.89 76.05 76.20 76.35 76.51 76.66 76.82 76.97 77.13 77.28 77.44 77.60 77.75 77.91 78.07 78.23 78.38 78.54 78.70 78.86 79.02 79.18 79.34 79.50 79.66 79.82 79.98 80.14 80.30 80.46 80.62 80.78 80.94 81.10 81.26 81.42 81.58 81.74 81.90 82.06 82.22 82.38 82.54 82.70 82.86 83.03 83.19 83.35 83.51 83.67 83.83 83.99 84.15 84.31 84.47 84.63 84.79 84.95 85.11 85.27 85.43
73.64 73.77 73.91 74.04 74.18 74.32 74.46 74.61 74.75 74.90 75.05 75.19 75.34 75.49 75.65 75.80 75.95 76.10 76.26 76.41 76.56 76.72 76.87 77.03 77.19 77.34 77.50 77.65 77.81 77.97 78.13 78.28 78.44 78.60 78.76 78.92 79.07 79.23 79.39 79.55 79.71 79.87 80.03 80.19 80.35 80.51 80.67 80.83 80.99 81.15 81.31 81.47 81.63 81.79 81.95 82.11 82.27 82.43 82.59 82.75 82.91 83.07 83.23 83.39 83.55 83.71 83.87 84.03 84.19 84.35 84.51 84.67 84.83 84.99 85.15 85.31 85.47
73.68 73.81 73.95 74.08 74.22 74.37 74.51 74.66 74.80 74.95 75.10 75.25 75.40 75.55 75.70 75.85 76.01 76.16 76.31 76.47 76.62 76.78 76.93 77.09 77.24 77.40 77.56 77.71 77.87 78.03 78.18 78.34 78.50 78.66 78.82 78.97 79.13 79.29 79.45 79.61 79.77 79.93 80.08 80.24 80.40 80.56 80.72 80.88 81.04 81.20 81.36 81.52 81.68 81.84 82.00 82.16 82.32 82.48 82.64 82.80 82.96 83.12 83.28 83.44 83.60 83.76 83.92 84.08 84.23 84.39 84.55 84.71 84.87 85.03 85.19 85.35 85.51
73.72 73.85 73.99 74.13 74.27 74.41 74.56 74.71 74.86 75.00 75.15 75.30 75.46 75.61 75.76 75.91 76.07 76.22 76.37 76.53 76.68 76.84 76.99 77.15 77.30 77.46 77.62 77.77 77.93 78.09 78.24 78.40 78.56 78.72 78.87 79.03 79.19 79.35 79.51 79.66 79.82 79.98 80.14 80.30 80.46 80.62 80.78 80.94 81.09 81.25 81.41 81.57 81.73 81.89 82.05 82.21 82.37 82.53 82.69 82.85 83.01 83.16 83.32 83.48 83.64 83.80 83.96 84.12 84.28 84.44 84.59 84.75 84.91 85.07 85.23 85.39 85.54
73.76 73.89 74.03 74.18 74.32 74.47 74.61 74.76 74.91 75.06 75.21 75.36 75.51 75.67 75.82 75.97 76.13 76.28 76.43 76.59 76.74 76.90 77.05 77.21 77.37 77.52 77.68 77.83 77.99 78.15 78.30 78.46 78.62 78.78 78.93 79.09 79.25 79.41 79.56 79.72 79.88 80.04 80.20 80.36 80.51 80.67 80.83 80.99 81.15 81.31 81.47 81.62 81.78 81.94 82.10 82.26 82.42 82.58 82.74 82.89 83.05 83.21 83.37 83.53 83.69 83.85 84.00 84.16 84.32 84.48 84.64 84.79 84.95 85.11 85.27 85.42 85.58
73.80 73.94 74.08 74.23 74.37 74.52 74.67 74.82 74.97 75.12 75.27 75.42 75.58 75.73 75.88 76.04 76.19 76.34 76.50 76.65 76.81 76.96 77.12 77.27 77.43 77.58 77.74 77.90 78.05 78.21 78.37 78.52 78.68 78.84 78.99 79.15 79.31 79.47 79.62 79.78 79.94 80.10 80.25 80.41 80.57 80.73 80.89 81.04 81.20 81.36 81.52 81.68 81.84 81.99 82.15 82.31 82.47 82.63 82.78 82.94 83.10 83.26 83.42 83.57 83.73 83.89 84.05 84.21 84.36 84.52 84.68 84.84 84.99 85.15 85.31 85.46 85.62
73.85 73.99 74.14 74.28 74.43 74.58 74.73 74.88 75.03 75.18 75.34 75.49 75.64 75.79 75.95 76.10 76.25 76.41 76.56 76.72 76.87 77.03 77.18 77.34 77.49 77.65 77.80 77.96 78.12 78.27 78.43 78.58 78.74 78.90 79.05 79.21 79.37 79.53 79.68 79.84 80.00 80.15 80.31 80.47 80.63 80.78 80.94 81.10 81.26 81.41 81.57 81.73 81.89 82.05 82.20 82.36 82.52 82.68 82.83 82.99 83.15 83.31 83.46 83.62 83.78 83.94 84.09 84.25 84.41 84.56 84.72 84.88 85.03 85.19 85.34 85.50 85.66
73.90 74.05 74.20 74.35 74.50 74.65 74.80 74.95 75.10 75.25 75.40 75.55 75.71 75.86 76.01 76.17 76.32 76.48 76.63 76.78 76.94 77.09 77.25 77.40 77.56 77.71 77.87 78.02 78.18 78.34 78.49 78.65 78.80 78.96 79.12 79.27 79.43 79.59 79.74 79.90 80.06 80.21 80.37 80.53 80.68 80.84 81.00 81.16 81.31 81.47 81.63 81.78 81.94 82.10 82.26 82.41 82.57 82.73 82.88 83.04 83.20 83.35 83.51 83.67 83.82 83.98 84.14 84.29 84.45 84.61 84.76 84.92 85.07 85.23 85.38 85.54 85.69
73.96 74.11 74.26 74.41 74.56 74.71 74.86 75.02 75.17 75.32 75.47 75.63 75.78 75.93 76.08 76.24 76.39 76.54 76.70 76.85 77.01 77.16 77.32 77.47 77.63 77.78 77.94 78.09 78.25 78.40 78.56 78.71 78.87 79.02 79.18 79.34 79.49 79.65 79.80 79.96 80.12 80.27 80.43 80.59 80.74 80.90 81.06 81.21 81.37 81.53 81.68 81.84 81.99 82.15 82.31 82.46 82.62 82.78 82.93 83.09 83.25 83.40 83.56 83.71 83.87 84.03 84.18 84.34 84.49 84.65 84.80 84.96 85.11 85.27 85.42 85.58 85.73
74.03 74.18 74.33 74.48 74.64 74.79 74.94 75.09 75.24 75.39 75.55 75.70 75.85 76.00 76.16 76.31 76.46 76.62 76.77 76.92 77.08 77.23 77.39 77.54 77.69 77.85 78.00 78.16 78.31 78.47 78.62 78.78 78.93 79.09 79.24 79.40 79.56 79.71 79.87 80.02 80.18 80.33 80.49 80.65 80.80 80.96 81.11 81.27 81.43 81.58 81.74 81.89 82.05 82.20 82.36 82.52 82.67 82.83 82.98 83.14 83.30 83.45 83.61 83.76 83.92 84.07 84.23 84.38 84.54 84.69 84.85 85.00 85.16 85.31 85.46 85.62 85.77
74.11 74.26 74.41 74.56 74.71 74.86 75.02 75.17 75.32 75.47 75.62 75.77 75.93 76.08 76.23 76.38 76.54 76.69 76.84 77.00 77.15 77.30 77.46 77.61 77.77 77.92 78.07 78.23 78.38 78.54 78.69 78.85 79.00 79.15 79.31 79.46 79.62 79.77 79.93 80.08 80.24 80.40 80.55 80.71 80.86 81.02 81.17 81.33 81.48 81.64 81.79 81.95 82.10 82.26 82.41 82.57 82.72 82.88 83.04 83.19 83.35 83.50 83.65 83.81 83.96 84.12 84.27 84.43 84.58 84.74 84.89 85.04 85.20 85.35 85.50 85.66 85.81
74.20 74.35 74.50 74.65 74.80 74.95 75.10 75.25 75.40 75.55 75.70 75.85 76.01 76.16 76.31 76.46 76.61 76.77 76.92 77.07 77.23 77.38 77.53 77.68 77.84 77.99 78.14 78.30 78.45 78.61 78.76 78.91 79.07 79.22 79.38 79.53 79.68 79.84 79.99 80.15 80.30 80.46 80.61 80.77 80.92 81.08 81.23 81.39 81.54 81.69 81.85 82.00 82.16 82.31 82.47 82.62 82.78 82.93 83.09 83.24 83.40 83.55 83.70 83.86 84.01 84.17 84.32 84.47 84.63 84.78 84.93 85.09 85.24 85.39 85.54 85.70 85.85
74.29 74.44 74.59 74.74 74.89 75.04 75.19 75.34 75.49 75.64 75.79 75.94 76.09 76.24 76.39 76.54 76.69 76.85 77.00 77.15 77.30 77.45 77.61 77.76 77.91 78.06 78.22 78.37 78.52 78.68 78.83 78.98 79.14 79.29 79.44 79.60 79.75 79.90 80.06 80.21 80.37 80.52 80.67 80.83 80.98 81.14 81.29 81.44 81.60 81.75 81.91 82.06 82.21 82.37 82.52 82.68 82.83 82.98 83.14 83.29 83.45 83.60 83.75 83.91 84.06 84.21 84.37 84.52 84.67 84.82 84.98 85.13 85.28 85.43 85.58 85.74 85.89
74.40 74.54 74.69 74.84 74.98 75.13 75.28 75.43 75.58 75.72 75.87 76.02 76.17 76.32 76.47 76.62 76.78 76.93 77.08 77.23 77.38 77.53 77.68 77.84 77.99 78.14 78.29 78.44 78.60 78.75 78.90 79.05 79.21 79.36 79.51 79.67 79.82 79.97 80.12 80.28 80.43 80.58 80.74 80.89 81.04 81.20 81.35 81.50 81.66 81.81 81.96 82.12 82.27 82.42 82.58 82.73 82.88 83.04 83.19 83.34 83.50 83.65 83.80 83.95 84.11 84.26 84.41 84.56 84.72 84.87 85.02 85.17 85.32 85.47 85.62 85.77 85.93
74.51 74.65 74.79 74.94 75.08 75.23 75.37 75.52 75.67 75.82 75.97 76.11 76.26 76.41 76.56 76.71 76.86 77.01 77.16 77.31 77.46 77.61 77.76 77.91 78.06 78.22 78.37 78.52 78.67 78.82 78.97 79.13 79.28 79.43 79.58 79.73 79.89 80.04 80.19 80.34 80.50 80.65 80.80 80.95 81.11 81.26 81.41 81.56 81.72 81.87 82.02 82.18 82.33 82.48 82.63 82.79 82.94 83.09 83.24 83.40 83.55 83.70 83.85 84.00 84.15 84.31 84.46 84.61 84.76 84.91 85.06 85.21 85.36 85.51 85.66 85.81 85.96
74.63 74.76 74.90 75.05 75.19 75.33 75.48 75.62 75.77 75.91 76.06 76.21 76.35 76.50 76.65 76.80 76.95 77.10 77.24 77.39 77.54 77.69 77.84 77.99 78.14 78.29 78.44 78.59 78.75 78.90 79.05 79.20 79.35 79.50 79.65 79.80 79.96 80.11 80.26 80.41 80.56 80.71 80.87 81.02 81.17 81.32 81.47 81.63 81.78 81.93 82.08 82.23 82.39 82.54 82.69 82.84 82.99 83.14 83.30 83.45 83.60 83.75 83.90 84.05 84.20 84.35 84.51 84.66 84.81 84.96 85.11 85.26 85.41 85.56 85.71 85.86 86.00
74.75 74.88 75.02 75.16 75.30 75.44 75.58 75.72 75.87 76.01 76.16 76.30 76.45 76.59 76.74 76.89 77.03 77.18 77.33 77.48 77.63 77.78 77.92 78.07 78.22 78.37 78.52 78.67 78.82 78.97 79.12 79.27 79.42 79.57 79.72 79.87 80.03 80.18 80.33 80.48 80.63 80.78 80.93 81.08 81.23 81.38 81.54 81.69 81.84 81.99 82.14 82.29 82.44 82.59 82.75 82.90 83.05 83.20 83.35 83.50 83.65 83.80 83.95 84.10 84.25 84.40 84.55 84.70 84.85 85.00 85.15 85.30 85.45 85.60 85.75 85.90 86.04
74.88 75.01 75.14 75.27 75.41 75.55 75.69 75.83 75.97 76.11 76.26 76.40 76.54 76.69 76.83 76.98 77.13 77.27 77.42 77.57 77.71 77.86 78.01 78.16 78.31 78.45 78.60 78.75 78.90 79.05 79.20 79.35 79.50 79.65 79.80 79.95 80.10 80.25 80.40 80.55 80.70 80.85 81.00 81.15 81.30 81.45 81.60 81.75 81.90 82.05 82.20 82.35 82.50 82.65 82.80 82.95 83.10 83.25 83.40 83.55 83.70 83.85 84.00 84.15 84.30 84.45 84.60 84.75 84.90 85.05 85.20 85.34 85.49 85.64 85.79 85.94 86.08
75.01 75.13 75.26 75.39 75.53 75.66 75.80 75.94 76.08 76.22 76.36 76.50 76.64 76.79 76.93 77.07 77.22 77.36 77.51 77.66 77.80 77.95 78.09 78.24 78.39 78.54 78.68 78.83 78.98 79.13 79.28 79.42 79.57 79.72 79.87 80.02 80.17 80.32 80.47 80.62 80.77 80.92 81.06 81.21 81.36 81.51 81.66 81.81 81.96 82.11 82.26 82.41 82.56 82.71 82.86 83.01 83.16 83.31 83.46 83.61 83.76 83.90 84.05 84.20 84.35 84.50 84.65 84.80 84.94 85.09 85.24 85.39 85.54 85.68 85.83 85.98 86.12
75.14 75.26 75.39 75.52 75.65 75.78 75.91 76.05 76.19 76.32 76.46 76.60 76.74 76.89 77.03 77.17 77.31 77.46 77.60 77.75 77.89 78.04 78.18 78.33 78.47 78.62 78.77 78.91 79.06 79.21 79.35 79.50 79.65 79.80 79.95 80.09 80.24 80.39 80.54 80.69 80.84 80.98 81.13 81.28 81.43 81.58 81.73 81.88 82.02 82.17 82.32 82.47 82.62 82.77 82.92 83.07 83.21 83.36 83.51 83.66 83.81 83.96 84.11 84.25 84.40 84.55 84.70 84.84 84.99 85.14 85.29 85.43 85.58 85.73 85.87 86.02 86.16
75.28 75.40 75.52 75.64 75.77 75.90 76.03 76.16 76.30 76.43 76.57 76.71 76.85 76.99 77.13 77.27 77.41 77.55 77.70 77.84 77.98 78.13 78.27 78.41 78.56 78.70 78.85 79.00 79.14 79.29 79.43 79.58 79.73 79.87 80.02 80.17 80.32 80.46 80.61 80.76 80.91 81.05 81.20 81.35 81.50 81.64 81.79 81.94 82.09 82.24 82.38 82.53 82.68 82.83 82.98 83.12 83.27 83.42 83.57 83.71 83.86 84.01 84.16 84.30 84.45 84.60 84.75 84.89 85.04 85.18 85.33 85.48 85.62 85.77 85.91 86.06 86.20
75.42 75.53 75.65 75.77 75.90 76.02 76.15 76.28 76.41 76.55 76.68 76.82 76.95 77.09 77.23 77.37 77.51 77.65 77.79 77.93 78.07 78.22 78.36 78.50 78.65 78.79 78.94 79.08 79.22 79.37 79.51 79.66 79.81 79.95 80.10 80.24 80.39 80.54 80.68 80.83 80.98 81.12 81.27 81.42 81.56 81.71 81.86 82.00 82.15 82.30 82.45 82.59 82.74 82.89 83.03 83.18 83.33 83.48 83.62 83.77 83.92 84.06 84.21 84.36 84.50 84.65 84.79 84.94 85.09 85.23 85.38 85.52 85.67 85.81 85.96 86.10 86.25
75.55 75.67 75.78 75.90 76.02 76.15 76.27 76.40 76.53 76.66 76.79 76.93 77.06 77.20 77.33 77.47 77.61 77.75 77.89 78.03 78.17 78.31 78.45 78.59 78.74 78.88 79.02 79.17 79.31 79.45 79.60 79.74 79.89 80.03 80.18 80.32 80.47 80.61 80.76 80.90 81.05 81.19 81.34 81.49 81.63 81.78 81.92 82.07 82.22 82.36 82.51 82.66 82.80 82.95 83.09 83.24 83.39 83.53 83.68 83.82 83.97 84.12 84.26 84.41 84.55 84.70 84.84 84.99 85.13 85.28 85.42 85.57 85.71 85.86 86.00 86.14 86.29
75.69 75.80 75.92 76.03 76.15 76.27 76.39 76.52 76.65 76.78 76.91 77.04 77.17 77.30 77.44 77.58 77.71 77.85 77.99 78.13 78.26 78.40 78.54 78.69 78.83 78.97 79.11 79.25 79.39 79.54 79.68 79.82 79.97 80.11 80.25 80.40 80.54 80.69 80.83 80.98 81.12 81.27 81.41 81.56 81.70 81.85 81.99 82.14 82.28 82.43 82.57 82.72 82.86 83.01 83.15 83.30 83.44 83.59 83.73 83.88 84.03 84.17 84.31 84.46 84.60 84.75 84.89 85.04 85.18 85.33 85.47 85.61 85.76 85.90 86.04 86.19 86.33
75.83 75.94 76.05 76.16 76.28 76.40 76.52 76.64 76.77 76.89 77.02 77.15 77.28 77.41 77.55 77.68 77.81 77.95 78.09 78.22 78.36 78.50 78.64 78.78 78.92 79.06 79.20 79.34 79.48 79.62 79.76 79.91 80.05 80.19 80.33 80.48 80.62 80.76 80.91 81.05 81.19 81.34 81.48 81.63 81.77 81.91 82.06 82.20 82.35 82.49 82.64 82.78 82.93 83.07 83.21 83.36 83.50 83.65 83.79 83.94 84.08 84.22 84.37 84.51 84.66 84.80 84.94 85.09 85.23 85.37 85.52 85.66 85.80 85.94 86.09 86.23 86.37
75.97 76.08 76.19 76.30 76.41 76.53 76.64 76.76 76.89 77.01 77.14 77.26 77.39 77.52 77.65 77.79 77.92 78.05 78.19 78.32 78.46 78.60 78.73 78.87 79.01 79.15 79.29 79.43 79.57 79.71 79.85 79.99 80.13 80.27 80.41 80.56 80.70 80.84 80.98 81.13 81.27 81.41 81.55 81.70 81.84 81.98 82.13 82.27 82.41 82.56 82.70 82.84 82.99 83.13 83.28 83.42 83.56 83.71 83.85 83.99 84.14 84.28 84.42 84.57 84.71 84.85 84.99 85.14 85.28 85.42 85.56 85.70 85.85 85.99 86.13 86.27 86.41
76.11 76.22 76.32 76.43 76.54 76.65 76.77 76.89 77.01 77.13 77.25 77.38 77.51 77.63 77.76 77.89 78.03 78.16 78.29 78.42 78.56 78.69 78.83 78.97 79.10 79.24 79.38 79.52 79.66 79.79 79.93 80.07 80.21 80.35 80.49 80.64 80.78 80.92 81.06 81.20 81.34 81.48 81.63 81.77 81.91 82.05 82.20 82.34 82.48 82.62 82.77 82.91 83.05 83.19 83.34 83.48 83.62 83.76 83.91 84.05 84.19 84.33 84.48 84.62 84.76 84.90 85.04 85.19 85.33 85.47 85.61 85.75 85.89 86.03 86.17 86.31 86.45
76.26 76.36 76.46 76.56 76.67 76.78 76.90 77.01 77.13 77.25 77.37 77.50 77.62 77.75 77.87 78.00 78.13 78.26 78.39 78.53 78.66 78.79 78.93 79.06 79.20 79.33 79.47 79.61 79.74 79.88 80.02 80.16 80.30 80.44 80.58 80.72 80.86 81.00 81.14 81.28 81.42 81.56 81.70 81.84 81.98 82.12 82.26 82.41 82.55 82.69 82.83 82.97 83.11 83.26 83.40 83.54 83.68 83.82 83.96 84.11 84.25 84.39 84.53 84.67 84.81 84.95 85.10 85.24 85.38 85.52 85.66 85.80 85.94 86.08 86.22 86.36 86.50
76.40 76.49 76.59 76.70 76.80 76.91 77.03 77.14 77.26 77.37 77.49 77.61 77.74 77.86 77.99 78.11 78.24 78.37 78.50 78.63 78.76 78.89 79.03 79.16 79.29 79.43 79.56 79.70 79.83 79.97 80.11 80.25 80.38 80.52 80.66 80.80 80.94 81.08 81.21 81.35 81.49 81.63 81.77 81.91 82.05 82.19 82.33 82.48 82.62 82.76 82.90 83.04 83.18 83.32 83.46 83.60 83.74 83.88 84.02 84.16 84.30 84.45 84.59 84.73 84.87 85.01 85.15 85.29 85.43 85.57 85.71 85.84 85.98 86.12 86.26 86.40 86.54
76.54 76.63 76.73 76.83 76.94 77.04 77.15 77.27 77.38 77.50 77.61 77.73 77.85 77.98 78.10 78.22 78.35 78.48 78.60 78.73 78.86 78.99 79.13 79.26 79.39 79.52 79.66 79.79 79.93 80.06 80.20 80.33 80.47 80.61 80.74 80.88 81.02 81.16 81.29 81.43 81.57 81.71 81.85 81.99 82.13 82.27 82.40 82.54 82.68 82.82 82.96 83.10 83.24 83.38 83.52 83.66 83.80 83.94 84.08 84.22 84.36 84.50 84.64 84.78 84.92 85.06 85.20 85.34 85.48 85.62 85.75 85.89 86.03 86.17 86.31 86.44 86.58
76.68 76.77 76.87 76.97 77.07 77.18 77.28 77.39 77.50 77.62 77.73 77.85 77.97 78.09 78.21 78.34 78.46 78.59 78.71 78.84 78.97 79.10 79.23 79.36 79.49 79.62 79.75 79.88 80.02 80.15 80.29 80.42 80.56 80.69 80.83 80.96 81.10 81.24 81.37 81.51 81.65 81.79 81.92 82.06 82.20 82.34 82.48 82.61 82.75 82.89 83.03 83.17 83.31 83.45 83.59 83.72 83.86 84.00 84.14 84.28 84.42 84.56 84.70 84.84 84.97 85.11 85.25 85.39 85.53 85.66 85.80 85.94 86.08 86.21 86.35 86.49 86.62
76.82 76.91 77.01 77.10 77.20 77.31 77.41 77.52 77.63 77.74 77.86 77.97 78.09 78.21 78.33 78.45 78.57 78.69 78.82 78.94 79.07 79.20 79.33 79.46 79.58 79.72 79.85 79.98 80.11 80.24 80.38 80.51 80.64 80.78 80.91 81.05 81.18 81.32 81.45 81.59 81.73 81.86 82.00 82.14 82.27 82.41 82.55 82.68 82.82 82.96 83.10 83.24 83.37 83.51 83.65 83.79 83.93 84.06 84.20 84.34 84.48 84.61 84.75 84.89 85.03 85.17 85.30 85.44 85.58 85.71 85.85 85.99 86.12 86.26 86.40 86.53 86.67
76.96 77.05 77.14 77.24 77.34 77.44 77.54 77.65 77.76 77.87 77.98 78.09 78.21 78.32 78.44 78.56 78.68 78.80 78.93 79.05 79.18 79.30 79.43 79.56 79.68 79.81 79.94 80.07 80.20 80.33 80.47 80.60 80.73 80.86 81.00 81.13 81.26 81.40 81.53 81.67 81.80 81.94 82.07 82.21 82.35 82.48 82.62 82.76 82.89 83.03 83.17 83.30 83.44 83.58 83.71 83.85 83.99 84.12 84.26 84.40 84.54 84.67 84.81 84.95 85.08 85.22 85.36 85.49 85.63 85.76 85.90 86.04 86.17 86.31 86.44 86.58 86.71
77.10 77.19 77.28 77.37 77.47 77.57 77.67 77.78 77.88 77.99 78.10 78.21 78.33 78.44 78.56 78.67 78.79 78.91 79.04 79.16 79.28 79.41 79.53 79.66 79.78 79.91 80.04 80.17 80.30 80.43 80.56 80.69 80.82 80.95 81.08 81.22 81.35 81.48 81.61 81.75 81.88 82.02 82.15 82.29 82.42 82.56 82.69 82.83 82.96 83.10 83.23 83.37 83.51 83.64 83.78 83.91 84.05 84.19 84.32 84.46 84.59 84.73 84.87 85.00 85.14 85.27 85.41 85.54 85.68 85.81 85.95 86.08 86.22 86.35 86.49 86.62 86.76
