Projet-Industriel-Interpolation/projetIndustriel-carteThematique-master/sensorExamplePI/outputKrigeage.asc
NCOLS          387       
NROWS          282       
XLLCENTER      4.40      
YLLCENTER      45.43     
DX             0.00      
DY             0.00      
NODATA_VALUE   -999.00   
[rows 136 to 169 of 282, columns 77 to 153 of 387]
63.43 63.42 63.41 63.40 63.39 63.38 63.38 63.37 63.36 63.36 63.35 63.35 63.34 63.34 63.34 63.34 63.34 63.34 63.34 63.34 63.34 63.34 63.34 63.34 63.35 63.35 63.36 63.36 63.37 63.38 63.38 63.39 63.40 63.41 63.42 63.43 63.44 63.46 63.47 63.48 63.50 63.51 63.53 63.55 63.56 63.58 63.60 63.62 63.64 63.66 63.68 63.70 63.73 63.75 63.77 63.80 63.82 63.85 63.88 63.91 63.93 63.96 63.99 64.02 64.06 64.09 64.12 64.16 64.19 64.23 64.26 64.30 64.34 64.38 64.41 64.45 64.50
63.60 63.59 63.58 63.57 63.56 63.55 63.54 63.54 63.53 63.52 63.52 63.51 63.51 63.51 63.50 63.50 63.50 63.50 63.50 63.50 63.50 63.50 63.50 63.50 63.51 63.51 63.51 63.52 63.53 63.53 63.54 63.55 63.56 63.56 63.57 63.58 63.60 63.61 63.62 63.63 63.65 63.66 63.68 63.69 63.71 63.73 63.74 63.76 63.78 63.80 63.82 63.84 63.86 63.89 63.91 63.94 63.96 63.99 64.01 64.04 64.07 64.10 64.13 64.16 64.19 64.22 64.25 64.28 64.32 64.35 64.39 64.42 64.46 64.50 64.54 64.58 64.62
63.77 63.76 63.74 63.74 63.73 63.72 63.71 63.70 63.70 63.69 63.68 63.68 63.67 63.67 63.67 63.66 63.66 63.66 63.66 63.66 63.66 63.66 63.66 63.66 63.66 63.67 63.67 63.68 63.68 63.69 63.69 63.70 63.71 63.72 63.73 63.74 63.75 63.76 63.77 63.78 63.79 63.81 63.82 63.84 63.85 63.87 63.89 63.90 63.92 63.94 63.96 63.98 64.00 64.03 64.05 64.07 64.10 64.12 64.15 64.17 64.20 64.23 64.26 64.29 64.32 64.35 64.38 64.41 64.44 64.48 64.51 64.55 64.58 64.62 64.66 64.70 64.73
63.93 63.92 63.91 63.90 63.89 63.88 63.88 63.87 63.86 63.85 63.85 63.84 63.84 63.83 63.83 63.83 63.82 63.82 63.82 63.82 63.82 63.82 63.82 63.82 63.82 63.82 63.83 63.83 63.84 63.84 63.85 63.85 63.86 63.87 63.88 63.89 63.90 63.91 63.92 63.93 63.94 63.95 63.97 63.98 64.00 64.01 64.03 64.05 64.06 64.08 64.10 64.12 64.14 64.16 64.19 64.21 64.23 64.26 64.28 64.31 64.33 64.36 64.39 64.42 64.45 64.48 64.51 64.54 64.57 64.60 64.64 64.67 64.71 64.74 64.78 64.82 64.85
64.10 64.09 64.08 64.07 64.06 64.05 64.04 64.03 64.03 64.02 64.01 64.01 64.00 64.00 63.99 63.99 63.98 63.98 63.98 63.98 63.98 63.98 63.98 63.98 63.98 63.98 63.98 63.99 63.99 64.00 64.00 64.01 64.01 64.02 64.03 64.04 64.05 64.06 64.07 64.08 64.09 64.10 64.11 64.13 64.14 64.16 64.17 64.19 64.21 64.22 64.24 64.26 64.28 64.30 64.32 64.35 64.37 64.39 64.42 64.44 64.47 64.49 64.52 64.55 64.57 64.60 64.63 64.66 64.70 64.73 64.76 64.79 64.83 64.86 64.90 64.94 64.97
64.27 64.26 64.25 64.24 64.23 64.22 64.21 64.20 64.19 64.18 64.18 64.17 64.17 64.16 64.15 64.15 64.15 64.14 64.14 64.14 64.14 64.14 64.14 64.14 64.14 64.14 64.14 64.14 64.15 64.15 64.16 64.16 64.17 64.17 64.18 64.19 64.20 64.21 64.21 64.23 64.24 64.25 64.26 64.27 64.29 64.30 64.32 64.33 64.35 64.36 64.38 64.40 64.42 64.44 64.46 64.48 64.50 64.53 64.55 64.57 64.60 64.62 64.65 64.68 64.70 64.73 64.76 64.79 64.82 64.85 64.88 64.92 64.95 64.98 65.02 65.06 65.09
64.44 64.43 64.42 64.41 64.40 64.39 64.38 64.37 64.36 64.35 64.34 64.34 64.33 64.32 64.32 64.31 64.31 64.30 64.30 64.30 64.30 64.30 64.29 64.29 64.29 64.30 64.30 64.30 64.30 64.30 64.31 64.31 64.32 64.32 64.33 64.34 64.35 64.35 64.36 64.37 64.38 64.39 64.41 64.42 64.43 64.44 64.46 64.47 64.49 64.51 64.52 64.54 64.56 64.58 64.60 64.62 64.64 64.66 64.68 64.71 64.73 64.75 64.78 64.81 64.83 64.86 64.89 64.92 64.95 64.98 65.01 65.04 65.07 65.11 65.14 65.17 65.21
64.61 64.60 64.59 64.57 64.56 64.55 64.54 64.53 64.52 64.51 64.51 64.50 64.49 64.49 64.48 64.47 64.47 64.47 64.46 64.46 64.46 64.45 64.45 64.45 64.45 64.45 64.45 64.45 64.46 64.46 64.46 64.47 64.47 64.48 64.48 64.49 64.50 64.50 64.51 64.52 64.53 64.54 64.55 64.56 64.58 64.59 64.60 64.62 64.63 64.65 64.66 64.68 64.70 64.71 64.73 64.75 64.77 64.79 64.82 64.84 64.86 64.89 64.91 64.94 64.96 64.99 65.02 65.04 65.07 65.10 65.13 65.16 65.19 65.23 65.26 65.29 65.33
64.78 64.77 64.75 64.74 64.73 64.72 64.71 64.70 64.69 64.68 64.67 64.66 64.66 64.65 64.64 64.64 64.63 64.63 64.62 64.62 64.62 64.61 64.61 64.61 64.61 64.61 64.61 64.61 64.61 64.61 64.62 64.62 64.62 64.63 64.63 64.64 64.65 64.65 64.66 64.67 64.68 64.69 64.70 64.71 64.72 64.73 64.74 64.76 64.77 64.79 64.80 64.82 64.83 64.85 64.87 64.89 64.91 64.93 64.95 64.97 64.99 65.02 65.04 65.06 65.09 65.12 65.14 65.17 65.20 65.23 65.26 65.29 65.32 65.35 65.38 65.41 65.45
64.95 64.93 64.92 64.91 64.90 64.89 64.87 64.86 64.85 64.84 64.84 64.83 64.82 64.81 64.80 64.80 64.79 64.79 64.78 64.78 64.77 64.77 64.77 64.77 64.77 64.76 64.76 64.76 64.77 64.77 64.77 64.77 64.78 64.78 64.78 64.79 64.79 64.80 64.81 64.82 64.82 64.83 64.84 64.85 64.86 64.87 64.89 64.90 64.91 64.93 64.94 64.96 64.97 64.99 65.01 65.02 65.04 65.06 65.08 65.10 65.13 65.15 65.17 65.19 65.22 65.24 65.27 65.30 65.32 65.35 65.38 65.41 65.44 65.47 65.50 65.53 65.57
65.12 65.10 65.09 65.08 65.06 65.05 65.04 65.03 65.02 65.01 65.00 64.99 64.98 64.97 64.97 64.96 64.95 64.95 64.94 64.94 64.93 64.93 64.93 64.92 64.92 64.92 64.92 64.92 64.92 64.92 64.92 64.92 64.93 64.93 64.93 64.94 64.94 64.95 64.96 64.96 64.97 64.98 64.99 65.00 65.01 65.02 65.03 65.04 65.05 65.07 65.08 65.10 65.11 65.13 65.14 65.16 65.18 65.20 65.22 65.24 65.26 65.28 65.30 65.32 65.35 65.37 65.40 65.42 65.45 65.47 65.50 65.53 65.56 65.59 65.62 65.65 65.68
65.28 65.27 65.26 65.24 65.23 65.22 65.21 65.20 65.18 65.17 65.16 65.15 65.15 65.14 65.13 65.12 65.11 65.11 65.10 65.10 65.09 65.09 65.08 65.08 65.08 65.08 65.08 65.07 65.07 65.07 65.08 65.08 65.08 65.08 65.08 65.09 65.09 65.10 65.10 65.11 65.12 65.12 65.13 65.14 65.15 65.16 65.17 65.18 65.19 65.21 65.22 65.23 65.25 65.26 65.28 65.30 65.31 65.33 65.35 65.37 65.39 65.41 65.43 65.45 65.47 65.50 65.52 65.55 65.57 65.60 65.63 65.65 65.68 65.71 65.74 65.77 65.80
65.45 65.44 65.42 65.41 65.40 65.38 65.37 65.36 65.35 65.34 65.33 65.32 65.31 65.30 65.29 65.28 65.28 65.27 65.26 65.26 65.25 65.25 65.24 65.24 65.24 65.23 65.23 65.23 65.23 65.23 65.23 65.23 65.23 65.23 65.23 65.24 65.24 65.25 65.25 65.26 65.26 65.27 65.28 65.29 65.29 65.30 65.31 65.32 65.33 65.35 65.36 65.37 65.39 65.40 65.42 65.43 65.45 65.46 65.48 65.50 65.52 65.54 65.56 65.58 65.60 65.63 65.65 65.67 65.70 65.72 65.75 65.77 65.80 65.83 65.86 65.89 65.92
65.62 65.61 65.59 65.58 65.56 65.55 65.54 65.53 65.51 65.50 65.49 65.48 65.47 65.46 65.45 65.44 65.44 65.43 65.42 65.42 65.41 65.40 65.40 65.40 65.39 65.39 65.39 65.38 65.38 65.38 65.38 65.38 65.38 65.38 65.39 65.39 65.39 65.39 65.40 65.40 65.41 65.42 65.42 65.43 65.44 65.45 65.45 65.46 65.48 65.49 65.50 65.51 65.52 65.54 65.55 65.57 65.58 65.60 65.61 65.63 65.65 65.67 65.69 65.71 65.73 65.75 65.77 65.80 65.82 65.85 65.87 65.90 65.92 65.95 65.98 66.01 66.04
65.79 65.77 65.76 65.74 65.73 65.72 65.70 65.69 65.68 65.67 65.66 65.64 65.63 65.62 65.61 65.61 65.60 65.59 65.58 65.57 65.57 65.56 65.56 65.55 65.55 65.54 65.54 65.54 65.54 65.53 65.53 65.53 65.53 65.53 65.54 65.54 65.54 65.54 65.55 65.55 65.56 65.56 65.57 65.57 65.58 65.59 65.60 65.61 65.62 65.63 65.64 65.65 65.66 65.67 65.69 65.70 65.72 65.73 65.75 65.76 65.78 65.80 65.82 65.84 65.86 65.88 65.90 65.92 65.95 65.97 65.99 66.02 66.04 66.07 66.10 66.13 66.15
65.96 65.94 65.93 65.91 65.90 65.88 65.87 65.86 65.84 65.83 65.82 65.81 65.80 65.79 65.78 65.77 65.76 65.75 65.74 65.73 65.73 65.72 65.71 65.71 65.70 65.70 65.70 65.69 65.69 65.69 65.69 65.68 65.68 65.68 65.69 65.69 65.69 65.69 65.69 65.70 65.70 65.71 65.71 65.72 65.72 65.73 65.74 65.75 65.76 65.77 65.78 65.79 65.80 65.81 65.82 65.84 65.85 65.86 65.88 65.90 65.91 65.93 65.95 65.97 65.99 66.01 66.03 66.05 66.07 66.09 66.12 66.14 66.17 66.19 66.22 66.24 66.27
66.13 66.11 66.09 66.08 66.06 66.05 66.03 66.02 66.01 65.99 65.98 65.97 65.96 65.95 65.94 65.93 65.92 65.91 65.90 65.89 65.88 65.88 65.87 65.87 65.86 65.85 65.85 65.85 65.84 65.84 65.84 65.84 65.84 65.83 65.83 65.84 65.84 65.84 65.84 65.84 65.85 65.85 65.86 65.86 65.87 65.87 65.88 65.89 65.90 65.90 65.91 65.92 65.93 65.95 65.96 65.97 65.98 66.00 66.01 66.03 66.04 66.06 66.08 66.09 66.11 66.13 66.15 66.17 66.19 66.22 66.24 66.26 66.29 66.31 66.34 66.36 66.39
66.29 66.28 66.26 66.24 66.23 66.21 66.20 66.19 66.17 66.16 66.15 66.13 66.12 66.11 66.10 66.09 66.08 66.07 66.06 66.05 66.04 66.04 66.03 66.02 66.02 66.01 66.01 66.00 66.00 65.99 65.99 65.99 65.99 65.99 65.98 65.98 65.98 65.99 65.99 65.99 65.99 66.00 66.00 66.00 66.01 66.01 66.02 66.03 66.04 66.04 66.05 66.06 66.07 66.08 66.09 66.11 66.12 66.13 66.14 66.16 66.17 66.19 66.21 66.22 66.24 66.26 66.28 66.30 66.32 66.34 66.36 66.38 66.41 66.43 66.46 66.48 66.51
66.46 66.44 66.43 66.41 66.40 66.38 66.36 66.35 66.34 66.32 66.31 66.30 66.28 66.27 66.26 66.25 66.24 66.23 66.22 66.21 66.20 66.19 66.19 66.18 66.17 66.17 66.16 66.15 66.15 66.15 66.14 66.14 66.14 66.14 66.13 66.13 66.13 66.13 66.13 66.14 66.14 66.14 66.14 66.15 66.15 66.16 66.16 66.17 66.18 66.18 66.19 66.20 66.21 66.22 66.23 66.24 66.25 66.26 66.28 66.29 66.30 66.32 66.33 66.35 66.37 66.39 66.40 66.42 66.44 66.46 66.48 66.50 66.53 66.55 66.57 66.60 66.62
66.63 66.61 66.59 66.58 66.56 66.55 66.53 66.51 66.50 66.49 66.47 66.46 66.45 66.43 66.42 66.41 66.40 66.39 66.38 66.37 66.36 66.35 66.34 66.33 66.33 66.32 66.31 66.31 66.30 66.30 66.29 66.29 66.29 66.29 66.28 66.28 66.28 66.28 66.28 66.28 66.28 66.29 66.29 66.29 66.29 66.30 66.30 66.31 66.32 66.32 66.33 66.34 66.35 66.35 66.36 66.37 66.39 66.40 66.41 66.42 66.43 66.45 66.46 66.48 66.50 66.51 66.53 66.55 66.57 66.59 66.61 66.63 66.65 66.67 66.69 66.72 66.74
66.80 66.78 66.76 66.74 66.73 66.71 66.69 66.68 66.66 66.65 66.63 66.62 66.61 66.59 66.58 66.57 66.56 66.55 66.54 66.53 66.52 66.51 66.50 66.49 66.48 66.48 66.47 66.46 66.46 66.45 66.45 66.44 66.44 66.44 66.43 66.43 66.43 66.43 66.43 66.43 66.43 66.43 66.43 66.43 66.44 66.44 66.44 66.45 66.45 66.46 66.47 66.47 66.48 66.49 66.50 66.51 66.52 66.53 66.54 66.55 66.57 66.58 66.59 66.61 66.62 66.64 66.65 66.67 66.69 66.71 66.73 66.75 66.77 66.79 66.81 66.83 66.86
66.96 66.95 66.93 66.91 66.89 66.88 66.86 66.84 66.83 66.81 66.80 66.78 66.77 66.76 66.74 66.73 66.72 66.71 66.70 66.68 66.67 66.66 66.65 66.65 66.64 66.63 66.62 66.62 66.61 66.60 66.60 66.59 66.59 66.59 66.58 66.58 66.58 66.58 66.57 66.57 66.57 66.57 66.58 66.58 66.58 66.58 66.59 66.59 66.59 66.60 66.60 66.61 66.62 66.63 66.63 66.64 66.65 66.66 66.67 66.68 66.70 66.71 66.72 66.73 66.75 66.76 66.78 66.80 66.81 66.83 66.85 66.87 66.89 66.91 66.93 66.95 66.97
67.13 67.11 67.09 67.08 67.06 67.04 67.02 67.01 66.99 66.98 66.96 66.95 66.93 66.92 66.90 66.89 66.88 66.87 66.85 66.84 66.83 66.82 66.81 66.80 66.79 66.78 66.78 66.77 66.76 66.76 66.75 66.74 66.74 66.73 66.73 66.73 66.72 66.72 66.72 66.72 66.72 66.72 66.72 66.72 66.72 66.72 66.73 66.73 66.73 66.74 66.74 66.75 66.75 66.76 66.77 66.78 66.79 66.79 66.80 66.81 66.83 66.84 66.85 66.86 66.88 66.89 66.90 66.92 66.94 66.95 66.97 66.99 67.01 67.03 67.05 67.07 67.09
67.30 67.28 67.26 67.24 67.22 67.21 67.19 67.17 67.16 67.14 67.12 67.11 67.09 67.08 67.06 67.05 67.04 67.02 67.01 67.00 66.99 66.98 66.97 66.96 66.95 66.94 66.93 66.92 66.91 66.91 66.90 66.89 66.89 66.88 66.88 66.88 66.87 66.87 66.87 66.86 66.86 66.86 66.86 66.86 66.86 66.87 66.87 66.87 66.87 66.88 66.88 66.89 66.89 66.90 66.90 66.91 66.92 66.93 66.94 66.95 66.96 66.97 66.98 66.99 67.00 67.02 67.03 67.04 67.06 67.08 67.09 67.11 67.13 67.15 67.17 67.19 67.21
67.47 67.45 67.43 67.41 67.39 67.37 67.35 67.34 67.32 67.30 67.29 67.27 67.25 67.24 67.22 67.21 67.20 67.18 67.17 67.16 67.15 67.13 67.12 67.11 67.10 67.09 67.08 67.08 67.07 67.06 67.05 67.05 67.04 67.03 67.03 67.02 67.02 67.02 67.01 67.01 67.01 67.01 67.01 67.01 67.01 67.01 67.01 67.01 67.01 67.01 67.02 67.02 67.03 67.03 67.04 67.04 67.05 67.06 67.07 67.08 67.09 67.10 67.11 67.12 67.13 67.14 67.15 67.17 67.18 67.20 67.21 67.23 67.25 67.27 67.28 67.30 67.32
67.63 67.61 67.59 67.57 67.55 67.54 67.52 67.50 67.48 67.46 67.45 67.43 67.42 67.40 67.39 67.37 67.36 67.34 67.33 67.32 67.30 67.29 67.28 67.27 67.26 67.25 67.24 67.23 67.22 67.21 67.20 67.20 67.19 67.18 67.18 67.17 67.17 67.16 67.16 67.16 67.15 67.15 67.15 67.15 67.15 67.15 67.15 67.15 67.15 67.15 67.16 67.16 67.16 67.17 67.17 67.18 67.18 67.19 67.20 67.21 67.22 67.22 67.23 67.24 67.26 67.27 67.28 67.29 67.31 67.32 67.34 67.35 67.37 67.38 67.40 67.42 67.44
67.80 67.78 67.76 67.74 67.72 67.70 67.68 67.66 67.65 67.63 67.61 67.59 67.58 67.56 67.55 67.53 67.52 67.50 67.49 67.47 67.46 67.45 67.44 67.42 67.41 67.40 67.39 67.38 67.37 67.36 67.35 67.35 67.34 67.33 67.33 67.32 67.31 67.31 67.30 67.30 67.30 67.29 67.29 67.29 67.29 67.29 67.29 67.29 67.29 67.29 67.29 67.30 67.30 67.30 67.31 67.31 67.32 67.32 67.33 67.34 67.34 67.35 67.36 67.37 67.38 67.39 67.40 67.42 67.43 67.44 67.46 67.47 67.49 67.50 67.52 67.54 67.55
67.97 67.95 67.92 67.90 67.88 67.87 67.85 67.83 67.81 67.79 67.77 67.76 67.74 67.72 67.71 67.69 67.67 67.66 67.65 67.63 67.62 67.60 67.59 67.58 67.57 67.56 67.54 67.53 67.52 67.51 67.51 67.50 67.49 67.48 67.47 67.47 67.46 67.46 67.45 67.45 67.44 67.44 67.44 67.43 67.43 67.43 67.43 67.43 67.43 67.43 67.43 67.43 67.43 67.44 67.44 67.45 67.45 67.46 67.46 67.47 67.47 67.48 67.49 67.50 67.51 67.52 67.53 67.54 67.55 67.57 67.58 67.59 67.61 67.62 67.64 67.65 67.67
68.13 68.11 68.09 68.07 68.05 68.03 68.01 67.99 67.97 67.95 67.93 67.92 67.90 67.88 67.87 67.85 67.83 67.82 67.80 67.79 67.77 67.76 67.75 67.73 67.72 67.71 67.70 67.69 67.68 67.67 67.66 67.65 67.64 67.63 67.62 67.62 67.61 67.60 67.60 67.59 67.59 67.58 67.58 67.58 67.57 67.57 67.57 67.57 67.57 67.57 67.57 67.57 67.57 67.57 67.58 67.58 67.58 67.59 67.59 67.60 67.60 67.61 67.62 67.63 67.63 67.64 67.65 67.66 67.68 67.69 67.70 67.71 67.73 67.74 67.76 67.77 67.79
68.30 68.28 68.26 68.24 68.21 68.19 68.17 68.15 68.13 68.12 68.10 68.08 68.06 68.04 68.03 68.01 67.99 67.98 67.96 67.95 67.93 67.92 67.90 67.89 67.88 67.86 67.85 67.84 67.83 67.82 67.81 67.80 67.79 67.78 67.77 67.76 67.76 67.75 67.74 67.74 67.73 67.73 67.72 67.72 67.71 67.71 67.71 67.71 67.71 67.71 67.70 67.71 67.71 67.71 67.71 67.71 67.72 67.72 67.72 67.73 67.73 67.74 67.75 67.75 67.76 67.77 67.78 67.79 67.80 67.81 67.82 67.83 67.85 67.86 67.87 67.89 67.90
68.47 68.44 68.42 68.40 68.38 68.36 68.34 68.32 68.30 68.28 68.26 68.24 68.22 68.20 68.19 68.17 68.15 68.13 68.12 68.10 68.09 68.07 68.06 68.04 68.03 68.02 68.00 67.99 67.98 67.97 67.96 67.95 67.94 67.93 67.92 67.91 67.90 67.89 67.89 67.88 67.87 67.87 67.86 67.86 67.86 67.85 67.85 67.85 67.84 67.84 67.84 67.84 67.84 67.84 67.84 67.85 67.85 67.85 67.85 67.86 67.86 67.87 67.87 67.88 67.89 67.89 67.90 67.91 67.92 67.93 67.94 67.95 67.96 67.98 67.99 68.00 68.02
68.63 68.61 68.59 68.57 68.54 68.52 68.50 68.48 68.46 68.44 68.42 68.40 68.38 68.36 68.35 68.33 68.31 68.29 68.28 68.26 68.24 68.23 68.21 68.20 68.18 68.17 68.16 68.14 68.13 68.12 68.11 68.10 68.09 68.08 68.07 68.06 68.05 68.04 68.03 68.03 68.02 68.01 68.01 68.00 68.00 67.99 67.99 67.99 67.98 67.98 67.98 67.98 67.98 67.98 67.98 67.98 67.98 67.98 67.99 67.99 67.99 68.00 68.00 68.01 68.01 68.02 68.03 68.04 68.04 68.05 68.06 68.07 68.08 68.10 68.11 68.12 68.13
68.80 68.78 68.75 68.73 68.71 68.69 68.67 68.64 68.62 68.60 68.58 68.56 68.54 68.52 68.50 68.49 68.47 68.45 68.43 68.42 68.40 68.38 68.37 68.35 68.34 68.32 68.31 68.30 68.28 68.27 68.26 68.25 68.24 68.23 68.21 68.20 68.20 68.19 68.18 68.17 68.16 68.16 68.15 68.14 68.14 68.13 68.13 68.12 68.12 68.12 68.12 68.11 68.11 68.11 68.11 68.11 68.11 68.11 68.12 68.12 68.12 68.13 68.13 68.13 68.14 68.15 68.15 68.16 68.17 68.17 68.18 68.19 68.20 68.21 68.23 68.24 68.25
68.97 68.94 68.92 68.90 68.87 68.85 68.83 68.81 68.79 68.76 68.74 68.72 68.70 68.68 68.66 68.65 68.63 68.61 68.59 68.57 68.56 68.54 68.52 68.51 68.49 68.48 68.46 68.45 68.44 68.42 68.41 68.40 68.39 68.37 68.36 68.35 68.34 68.33 68.32 68.31 68.31 68.30 68.29 68.29 68.28 68.27 68.27 68.26 68.26 68.26 68.25 68.25 68.25 68.25 68.25 68.24 68.25 68.25 68.25 68.25 68.25 68.25 68.26 68.26 68.27 68.27 68.28 68.28 68.29 68.30 68.30 68.31 68.32 68.33 68.34 68.35 68.37
