Projet-Industriel-Interpolation/projetIndustriel-carteThematique-master/sensorExamplePI/outputKrigeage.asc
NCOLS          387       
NROWS          282       
XLLCENTER      4.40      
YLLCENTER      45.43     
DX             0.00      
DY             0.00      
NODATA_VALUE   -999.00   
[rows 102 to 135 of 282, columns 154 to 230 of 387]
60.39 60.46 60.53 60.61 60.68 60.75 60.83 60.90 60.98 61.05 61.13 61.21 61.29 61.37 61.45 61.53 61.61 61.70 61.78 61.86 61.95 62.03 62.12 62.21 62.30 62.39 62.48 62.57 62.66 62.75 62.84 62.94 63.03 63.13 63.22 63.32 63.42 63.52 63.62 63.72 63.82 63.92 64.02 64.12 64.23 64.33 64.44 64.54 64.65 64.76 64.86 64.97 65.08 65.19 65.30 65.42 65.53 65.64 65.76 65.87 65.99 66.11 66.22 66.34 66.46 66.58 66.70 66.82 66.94 67.06 67.19 67.31 67.44 67.56 67.69 67.81 67.94
60.52 60.59 60.66 60.73 60.80 60.87 60.95 61.02 61.10 61.17 61.25 61.33 61.40 61.48 61.56 61.64 61.72 61.81 61.89 61.97 62.06 62.14 62.23 62.32 62.40 62.49 62.58 62.67 62.76 62.85 62.95 63.04 63.13 63.23 63.32 63.42 63.52 63.61 63.71 63.81 63.91 64.01 64.11 64.22 64.32 64.42 64.53 64.63 64.74 64.85 64.95 65.06 65.17 65.28 65.39 65.50 65.62 65.73 65.84 65.96 66.07 66.19 66.31 66.42 66.54 66.66 66.78 66.90 67.02 67.15 67.27 67.39 67.52 67.64 67.77 67.89 68.02
60.64 60.71 60.78 60.85 60.92 60.99 61.07 61.14 61.21 61.29 61.36 61.44 61.52 61.60 61.68 61.76 61.84 61.92 62.00 62.08 62.17 62.25 62.34 62.42 62.51 62.60 62.69 62.78 62.87 62.96 63.05 63.14 63.23 63.33 63.42 63.52 63.61 63.71 63.81 63.91 64.01 64.11 64.21 64.31 64.41 64.52 64.62 64.72 64.83 64.94 65.04 65.15 65.26 65.37 65.48 65.59 65.70 65.82 65.93 66.04 66.16 66.28 66.39 66.51 66.63 66.75 66.87 66.99 67.11 67.23 67.35 67.47 67.60 67.72 67.85 67.97 68.10
60.77 60.83 60.90 60.97 61.04 61.11 61.18 61.26 61.33 61.41 61.48 61.56 61.63 61.71 61.79 61.87 61.95 62.03 62.11 62.19 62.28 62.36 62.44 62.53 62.62 62.70 62.79 62.88 62.97 63.06 63.15 63.24 63.33 63.43 63.52 63.62 63.71 63.81 63.91 64.00 64.10 64.20 64.30 64.40 64.51 64.61 64.71 64.82 64.92 65.03 65.13 65.24 65.35 65.46 65.57 65.68 65.79 65.90 66.02 66.13 66.24 66.36 66.48 66.59 66.71 66.83 66.95 67.07 67.19 67.31 67.43 67.56 67.68 67.80 67.93 68.05 68.18
60.89 60.96 61.02 61.09 61.16 61.23 61.30 61.38 61.45 61.52 61.60 61.67 61.75 61.82 61.90 61.98 62.06 62.14 62.22 62.30 62.38 62.47 62.55 62.64 62.72 62.81 62.89 62.98 63.07 63.16 63.25 63.34 63.43 63.53 63.62 63.71 63.81 63.90 64.00 64.10 64.20 64.30 64.40 64.50 64.60 64.70 64.80 64.91 65.01 65.12 65.22 65.33 65.44 65.55 65.66 65.77 65.88 65.99 66.10 66.22 66.33 66.44 66.56 66.68 66.79 66.91 67.03 67.15 67.27 67.39 67.51 67.64 67.76 67.88 68.01 68.13 68.26
61.01 61.08 61.15 61.21 61.28 61.35 61.42 61.49 61.57 61.64 61.71 61.79 61.86 61.94 62.02 62.09 62.17 62.25 62.33 62.41 62.49 62.57 62.66 62.74 62.83 62.91 63.00 63.09 63.17 63.26 63.35 63.44 63.53 63.63 63.72 63.81 63.91 64.00 64.10 64.19 64.29 64.39 64.49 64.59 64.69 64.79 64.89 65.00 65.10 65.21 65.31 65.42 65.53 65.63 65.74 65.85 65.96 66.07 66.19 66.30 66.41 66.53 66.64 66.76 66.88 66.99 67.11 67.23 67.35 67.47 67.59 67.72 67.84 67.96 68.09 68.21 68.34
61.14 61.20 61.27 61.34 61.40 61.47 61.54 61.61 61.68 61.76 61.83 61.90 61.98 62.05 62.13 62.20 62.28 62.36 62.44 62.52 62.60 62.68 62.76 62.85 62.93 63.02 63.10 63.19 63.28 63.36 63.45 63.54 63.63 63.72 63.82 63.91 64.00 64.10 64.19 64.29 64.39 64.48 64.58 64.68 64.78 64.88 64.99 65.09 65.19 65.30 65.40 65.51 65.61 65.72 65.83 65.94 66.05 66.16 66.27 66.38 66.50 66.61 66.73 66.84 66.96 67.08 67.19 67.31 67.43 67.55 67.67 67.80 67.92 68.04 68.17 68.29 68.42
61.26 61.33 61.39 61.46 61.52 61.59 61.66 61.73 61.80 61.87 61.94 62.02 62.09 62.17 62.24 62.32 62.39 62.47 62.55 62.63 62.71 62.79 62.87 62.95 63.04 63.12 63.21 63.29 63.38 63.47 63.55 63.64 63.73 63.82 63.91 64.01 64.10 64.19 64.29 64.38 64.48 64.58 64.68 64.78 64.87 64.98 65.08 65.18 65.28 65.39 65.49 65.60 65.70 65.81 65.92 66.03 66.14 66.25 66.36 66.47 66.58 66.70 66.81 66.93 67.04 67.16 67.28 67.39 67.51 67.63 67.75 67.88 68.00 68.12 68.25 68.37 68.50
61.38 61.45 61.51 61.58 61.64 61.71 61.78 61.85 61.92 61.99 62.06 62.13 62.20 62.28 62.35 62.43 62.50 62.58 62.66 62.74 62.82 62.90 62.98 63.06 63.14 63.23 63.31 63.39 63.48 63.57 63.65 63.74 63.83 63.92 64.01 64.10 64.20 64.29 64.38 64.48 64.57 64.67 64.77 64.87 64.97 65.07 65.17 65.27 65.37 65.47 65.58 65.68 65.79 65.90 66.00 66.11 66.22 66.33 66.44 66.55 66.67 66.78 66.89 67.01 67.12 67.24 67.36 67.48 67.59 67.71 67.83 67.96 68.08 68.20 68.33 68.45 68.58
61.51 61.57 61.63 61.70 61.77 61.83 61.90 61.97 62.04 62.11 62.18 62.25 62.32 62.39 62.47 62.54 62.62 62.69 62.77 62.85 62.92 63.00 63.08 63.16 63.25 63.33 63.41 63.50 63.58 63.67 63.76 63.84 63.93 64.02 64.11 64.20 64.29 64.39 64.48 64.57 64.67 64.76 64.86 64.96 65.06 65.16 65.26 65.36 65.46 65.56 65.67 65.77 65.88 65.98 66.09 66.20 66.31 66.41 66.53 66.64 66.75 66.86 66.97 67.09 67.20 67.32 67.44 67.56 67.67 67.79 67.91 68.04 68.16 68.28 68.40 68.53 68.65
61.63 61.69 61.76 61.82 61.89 61.95 62.02 62.08 62.15 62.22 62.29 62.36 62.43 62.50 62.58 62.65 62.73 62.80 62.88 62.95 63.03 63.11 63.19 63.27 63.35 63.43 63.52 63.60 63.68 63.77 63.86 63.94 64.03 64.12 64.21 64.30 64.39 64.48 64.57 64.67 64.76 64.86 64.95 65.05 65.15 65.25 65.35 65.45 65.55 65.65 65.75 65.86 65.96 66.07 66.17 66.28 66.39 66.50 66.61 66.72 66.83 66.94 67.06 67.17 67.29 67.40 67.52 67.64 67.75 67.87 67.99 68.11 68.24 68.36 68.48 68.61 68.73
61.75 61.82 61.88 61.94 62.00 62.07 62.14 62.20 62.27 62.34 62.41 62.48 62.55 62.62 62.69 62.76 62.84 62.91 62.99 63.06 63.14 63.22 63.30 63.38 63.46 63.54 63.62 63.70 63.79 63.87 63.96 64.04 64.13 64.22 64.31 64.39 64.49 64.58 64.67 64.76 64.86 64.95 65.05 65.14 65.24 65.34 65.44 65.54 65.64 65.74 65.84 65.94 66.05 66.15 66.26 66.37 66.47 66.58 66.69 66.80 66.91 67.03 67.14 67.25 67.37 67.48 67.60 67.72 67.83 67.95 68.07 68.19 68.31 68.44 68.56 68.68 68.81
61.88 61.94 62.00 62.06 62.12 62.19 62.25 62.32 62.39 62.45 62.52 62.59 62.66 62.73 62.80 62.87 62.95 63.02 63.09 63.17 63.25 63.32 63.40 63.48 63.56 63.64 63.72 63.80 63.89 63.97 64.06 64.14 64.23 64.31 64.40 64.49 64.58 64.67 64.76 64.86 64.95 65.04 65.14 65.23 65.33 65.43 65.53 65.63 65.73 65.83 65.93 66.03 66.13 66.24 66.34 66.45 66.56 66.67 66.78 66.89 67.00 67.11 67.22 67.33 67.45 67.56 67.68 67.79 67.91 68.03 68.15 68.27 68.39 68.51 68.64 68.76 68.88
62.00 62.06 62.12 62.18 62.24 62.31 62.37 62.44 62.50 62.57 62.64 62.70 62.77 62.84 62.91 62.98 63.06 63.13 63.20 63.28 63.35 63.43 63.51 63.58 63.66 63.74 63.82 63.91 63.99 64.07 64.15 64.24 64.32 64.41 64.50 64.59 64.68 64.77 64.86 64.95 65.04 65.13 65.23 65.32 65.42 65.52 65.62 65.71 65.81 65.91 66.02 66.12 66.22 66.32 66.43 66.54 66.64 66.75 66.86 66.97 67.08 67.19 67.30 67.41 67.53 67.64 67.76 67.87 67.99 68.11 68.23 68.35 68.47 68.59 68.71 68.84 68.96
62.12 62.18 62.24 62.30 62.36 62.43 62.49 62.55 62.62 62.68 62.75 62.82 62.89 62.95 63.02 63.09 63.17 63.24 63.31 63.39 63.46 63.54 63.61 63.69 63.77 63.85 63.93 64.01 64.09 64.17 64.25 64.34 64.42 64.51 64.60 64.68 64.77 64.86 64.95 65.04 65.13 65.23 65.32 65.41 65.51 65.61 65.70 65.80 65.90 66.00 66.10 66.20 66.31 66.41 66.51 66.62 66.73 66.83 66.94 67.05 67.16 67.27 67.38 67.49 67.61 67.72 67.84 67.95 68.07 68.19 68.31 68.42 68.54 68.67 68.79 68.91 69.04
62.24 62.30 62.36 62.42 62.48 62.54 62.61 62.67 62.73 62.80 62.86 62.93 63.00 63.07 63.14 63.20 63.28 63.35 63.42 63.49 63.57 63.64 63.72 63.79 63.87 63.95 64.03 64.11 64.19 64.27 64.35 64.44 64.52 64.61 64.69 64.78 64.87 64.95 65.04 65.13 65.23 65.32 65.41 65.50 65.60 65.70 65.79 65.89 65.99 66.09 66.19 66.29 66.39 66.49 66.60 66.70 66.81 66.91 67.02 67.13 67.24 67.35 67.46 67.57 67.69 67.80 67.91 68.03 68.15 68.26 68.38 68.50 68.62 68.74 68.86 68.99 69.11
62.37 62.42 62.48 62.54 62.60 62.66 62.72 62.79 62.85 62.91 62.98 63.04 63.11 63.18 63.25 63.31 63.38 63.46 63.53 63.60 63.67 63.75 63.82 63.90 63.97 64.05 64.13 64.21 64.29 64.37 64.45 64.53 64.62 64.70 64.79 64.87 64.96 65.05 65.14 65.23 65.32 65.41 65.50 65.59 65.69 65.78 65.88 65.98 66.07 66.17 66.27 66.37 66.48 66.58 66.68 66.79 66.89 67.00 67.10 67.21 67.32 67.43 67.54 67.65 67.76 67.88 67.99 68.11 68.22 68.34 68.46 68.58 68.70 68.82 68.94 69.06 69.18
62.49 62.55 62.60 62.66 62.72 62.78 62.84 62.90 62.97 63.03 63.09 63.16 63.22 63.29 63.36 63.42 63.49 63.56 63.63 63.71 63.78 63.85 63.93 64.00 64.08 64.15 64.23 64.31 64.39 64.47 64.55 64.63 64.71 64.80 64.88 64.97 65.05 65.14 65.23 65.32 65.41 65.50 65.59 65.68 65.78 65.87 65.97 66.06 66.16 66.26 66.36 66.46 66.56 66.66 66.76 66.87 66.97 67.08 67.18 67.29 67.40 67.51 67.62 67.73 67.84 67.96 68.07 68.18 68.30 68.42 68.53 68.65 68.77 68.89 69.01 69.14 69.26
62.61 62.67 62.72 62.78 62.84 62.90 62.96 63.02 63.08 63.14 63.21 63.27 63.34 63.40 63.47 63.53 63.60 63.67 63.74 63.81 63.88 63.96 64.03 64.10 64.18 64.26 64.33 64.41 64.49 64.57 64.65 64.73 64.81 64.89 64.98 65.06 65.15 65.24 65.32 65.41 65.50 65.59 65.68 65.77 65.87 65.96 66.06 66.15 66.25 66.35 66.44 66.54 66.64 66.74 66.85 66.95 67.05 67.16 67.27 67.37 67.48 67.59 67.70 67.81 67.92 68.03 68.15 68.26 68.38 68.49 68.61 68.73 68.85 68.97 69.09 69.21 69.33
62.73 62.79 62.84 62.90 62.96 63.02 63.08 63.14 63.20 63.26 63.32 63.38 63.45 63.51 63.58 63.64 63.71 63.78 63.85 63.92 63.99 64.06 64.13 64.21 64.28 64.36 64.43 64.51 64.59 64.67 64.75 64.83 64.91 64.99 65.07 65.16 65.24 65.33 65.41 65.50 65.59 65.68 65.77 65.86 65.95 66.05 66.14 66.24 66.33 66.43 66.53 66.63 66.73 66.83 66.93 67.03 67.14 67.24 67.35 67.45 67.56 67.67 67.78 67.89 68.00 68.11 68.22 68.34 68.45 68.57 68.69 68.80 68.92 69.04 69.16 69.28 69.41
62.85 62.91 62.96 63.02 63.08 63.13 63.19 63.25 63.31 63.37 63.43 63.50 63.56 63.62 63.69 63.75 63.82 63.89 63.96 64.03 64.10 64.17 64.24 64.31 64.38 64.46 64.53 64.61 64.69 64.76 64.84 64.92 65.00 65.09 65.17 65.25 65.34 65.42 65.51 65.59 65.68 65.77 65.86 65.95 66.04 66.14 66.23 66.32 66.42 66.52 66.61 66.71 66.81 66.91 67.01 67.11 67.22 67.32 67.43 67.53 67.64 67.75 67.86 67.97 68.08 68.19 68.30 68.41 68.53 68.64 68.76 68.88 69.00 69.12 69.24 69.36 69.48
62.98 63.03 63.08 63.14 63.19 63.25 63.31 63.37 63.43 63.49 63.55 63.61 63.67 63.73 63.80 63.86 63.93 64.00 64.06 64.13 64.20 64.27 64.34 64.41 64.49 64.56 64.63 64.71 64.79 64.86 64.94 65.02 65.10 65.18 65.26 65.34 65.43 65.51 65.60 65.68 65.77 65.86 65.95 66.04 66.13 66.22 66.32 66.41 66.50 66.60 66.70 66.79 66.89 66.99 67.09 67.19 67.30 67.40 67.51 67.61 67.72 67.82 67.93 68.04 68.15 68.26 68.38 68.49 68.60 68.72 68.84 68.95 69.07 69.19 69.31 69.43 69.55
63.10 63.15 63.20 63.26 63.31 63.37 63.42 63.48 63.54 63.60 63.66 63.72 63.78 63.84 63.91 63.97 64.04 64.10 64.17 64.24 64.30 64.37 64.44 64.52 64.59 64.66 64.73 64.81 64.88 64.96 65.04 65.12 65.20 65.28 65.36 65.44 65.52 65.60 65.69 65.77 65.86 65.95 66.04 66.13 66.22 66.31 66.40 66.49 66.59 66.68 66.78 66.88 66.97 67.07 67.17 67.28 67.38 67.48 67.58 67.69 67.80 67.90 68.01 68.12 68.23 68.34 68.45 68.56 68.68 68.79 68.91 69.03 69.14 69.26 69.38 69.50 69.62
63.22 63.27 63.32 63.38 63.43 63.48 63.54 63.60 63.65 63.71 63.77 63.83 63.89 63.95 64.02 64.08 64.14 64.21 64.28 64.34 64.41 64.48 64.55 64.62 64.69 64.76 64.83 64.91 64.98 65.06 65.13 65.21 65.29 65.37 65.45 65.53 65.61 65.70 65.78 65.87 65.95 66.04 66.13 66.21 66.30 66.39 66.49 66.58 66.67 66.77 66.86 66.96 67.06 67.16 67.25 67.36 67.46 67.56 67.66 67.77 67.87 67.98 68.09 68.20 68.30 68.42 68.53 68.64 68.75 68.87 68.98 69.10 69.22 69.33 69.45 69.57 69.70
63.34 63.39 63.44 63.49 63.55 63.60 63.66 63.71 63.77 63.83 63.88 63.94 64.00 64.06 64.13 64.19 64.25 64.32 64.38 64.45 64.51 64.58 64.65 64.72 64.79 64.86 64.93 65.01 65.08 65.16 65.23 65.31 65.39 65.46 65.54 65.62 65.71 65.79 65.87 65.95 66.04 66.13 66.21 66.30 66.39 66.48 66.57 66.66 66.76 66.85 66.95 67.04 67.14 67.24 67.34 67.44 67.54 67.64 67.74 67.85 67.95 68.06 68.16 68.27 68.38 68.49 68.60 68.71 68.83 68.94 69.06 69.17 69.29 69.41 69.53 69.65 69.77
63.46 63.51 63.56 63.61 63.66 63.72 63.77 63.83 63.88 63.94 64.00 64.05 64.11 64.17 64.23 64.30 64.36 64.42 64.49 64.55 64.62 64.68 64.75 64.82 64.89 64.96 65.03 65.10 65.18 65.25 65.33 65.40 65.48 65.56 65.64 65.72 65.80 65.88 65.96 66.04 66.13 66.21 66.30 66.39 66.48 66.57 66.66 66.75 66.84 66.93 67.03 67.12 67.22 67.32 67.42 67.51 67.62 67.72 67.82 67.92 68.03 68.13 68.24 68.35 68.46 68.56 68.68 68.79 68.90 69.01 69.13 69.24 69.36 69.48 69.60 69.72 69.84
63.58 63.63 63.68 63.73 63.78 63.83 63.89 63.94 64.00 64.05 64.11 64.17 64.22 64.28 64.34 64.40 64.47 64.53 64.59 64.66 64.72 64.79 64.85 64.92 64.99 65.06 65.13 65.20 65.28 65.35 65.42 65.50 65.57 65.65 65.73 65.81 65.89 65.97 66.05 66.13 66.22 66.30 66.39 66.47 66.56 66.65 66.74 66.83 66.92 67.02 67.11 67.20 67.30 67.40 67.49 67.59 67.69 67.79 67.90 68.00 68.10 68.21 68.31 68.42 68.53 68.64 68.75 68.86 68.97 69.09 69.20 69.32 69.43 69.55 69.67 69.79 69.91
63.70 63.75 63.80 63.85 63.90 63.95 64.00 64.06 64.11 64.16 64.22 64.28 64.33 64.39 64.45 64.51 64.57 64.63 64.70 64.76 64.83 64.89 64.96 65.02 65.09 65.16 65.23 65.30 65.37 65.45 65.52 65.59 65.67 65.74 65.82 65.90 65.98 66.06 66.14 66.22 66.31 66.39 66.47 66.56 66.65 66.74 66.82 66.91 67.01 67.10 67.19 67.29 67.38 67.48 67.57 67.67 67.77 67.87 67.97 68.08 68.18 68.28 68.39 68.50 68.60 68.71 68.82 68.93 69.04 69.16 69.27 69.39 69.50 69.62 69.74 69.86 69.98
63.82 63.87 63.92 63.97 64.02 64.07 64.12 64.17 64.22 64.28 64.33 64.39 64.44 64.50 64.56 64.62 64.68 64.74 64.80 64.87 64.93 64.99 65.06 65.12 65.19 65.26 65.33 65.40 65.47 65.54 65.61 65.69 65.76 65.84 65.91 65.99 66.07 66.15 66.23 66.31 66.39 66.48 66.56 66.65 66.73 66.82 66.91 67.00 67.09 67.18 67.27 67.37 67.46 67.56 67.65 67.75 67.85 67.95 68.05 68.15 68.25 68.36 68.46 68.57 68.68 68.79 68.89 69.00 69.12 69.23 69.34 69.46 69.57 69.69 69.81 69.93 70.05
63.94 63.99 64.03 64.08 64.13 64.18 64.23 64.28 64.34 64.39 64.44 64.50 64.55 64.61 64.67 64.73 64.79 64.85 64.91 64.97 65.03 65.10 65.16 65.23 65.29 65.36 65.43 65.50 65.57 65.64 65.71 65.78 65.86 65.93 66.01 66.08 66.16 66.24 66.32 66.40 66.48 66.56 66.65 66.73 66.82 66.90 66.99 67.08 67.17 67.26 67.35 67.45 67.54 67.63 67.73 67.83 67.93 68.03 68.13 68.23 68.33 68.43 68.54 68.64 68.75 68.86 68.97 69.08 69.19 69.30 69.41 69.53 69.64 69.76 69.88 69.99 70.11
64.06 64.11 64.15 64.20 64.25 64.30 64.35 64.40 64.45 64.50 64.56 64.61 64.66 64.72 64.78 64.83 64.89 64.95 65.01 65.07 65.13 65.20 65.26 65.33 65.39 65.46 65.52 65.59 65.66 65.73 65.80 65.88 65.95 66.02 66.10 66.17 66.25 66.33 66.41 66.49 66.57 66.65 66.73 66.82 66.90 66.99 67.07 67.16 67.25 67.34 67.43 67.52 67.62 67.71 67.81 67.90 68.00 68.10 68.20 68.30 68.40 68.51 68.61 68.72 68.82 68.93 69.04 69.15 69.26 69.37 69.48 69.60 69.71 69.83 69.94 70.06 70.18
64.18 64.22 64.27 64.32 64.36 64.41 64.46 64.51 64.56 64.61 64.67 64.72 64.77 64.83 64.88 64.94 65.00 65.06 65.12 65.18 65.24 65.30 65.36 65.43 65.49 65.56 65.62 65.69 65.76 65.83 65.90 65.97 66.04 66.11 66.19 66.26 66.34 66.42 66.49 66.57 66.65 66.74 66.82 66.90 66.98 67.07 67.16 67.24 67.33 67.42 67.51 67.60 67.70 67.79 67.89 67.98 68.08 68.18 68.28 68.38 68.48 68.58 68.68 68.79 68.89 69.00 69.11 69.22 69.33 69.44 69.55 69.67 69.78 69.90 70.01 70.13 70.25
64.30 64.34 64.39 64.43 64.48 64.53 64.58 64.62 64.67 64.73 64.78 64.83 64.88 64.94 64.99 65.05 65.10 65.16 65.22 65.28 65.34 65.40 65.46 65.53 65.59 65.65 65.72 65.79 65.85 65.92 65.99 66.06 66.13 66.21 66.28 66.35 66.43 66.51 66.58 66.66 66.74 66.82 66.90 66.98 67.07 67.15 67.24 67.33 67.41 67.50 67.59 67.68 67.77 67.87 67.96 68.06 68.15 68.25 68.35 68.45 68.55 68.65 68.76 68.86 68.97 69.07 69.18 69.29 69.40 69.51 69.62 69.73 69.85 69.96 70.08 70.20 70.32
64.42 64.46 64.51 64.55 64.60 64.64 64.69 64.74 64.79 64.84 64.89 64.94 64.99 65.04 65.10 65.15 65.21 65.27 65.32 65.38 65.44 65.50 65.56 65.62 65.69 65.75 65.82 65.88 65.95 66.02 66.09 66.15 66.23 66.30 66.37 66.44 66.52 66.59 66.67 66.75 66.83 66.91 66.99 67.07 67.15 67.23 67.32 67.41 67.49 67.58 67.67 67.76 67.85 67.94 68.04 68.13 68.23 68.33 68.42 68.52 68.62 68.73 68.83 68.93 69.04 69.14 69.25 69.36 69.47 69.58 69.69 69.80 69.92 70.03 70.15 70.26 70.38
