Projet-Industriel-Interpolation/projetIndustriel-carteThematique-master/sensorExamplePI/outputKrigeage.asc
NCOLS          387       
NROWS          282       
XLLCENTER      4.40      
YLLCENTER      45.43     
DX             0.00      
DY             0.00      
NODATA_VALUE   -999.00   
[rows 102 to 135 of 282, columns 0 to 76 of 387]
59.50 59.46 59.42 59.38 59.34 59.30 59.26 59.23 59.19 59.15 59.11 59.08 59.04 59.00 58.97 58.93 58.89 58.86 58.82 58.79 58.75 58.72 58.68 58.65 58.61 58.58 58.55 58.51 58.48 58.45 58.42 58.39 58.36 58.33 58.30 58.27 58.24 58.21 58.18 58.15 58.13 58.10 58.07 58.05 58.02 58.00 57.98 57.95 57.93 57.91 57.89 57.87 57.85 57.83 57.81 57.79 57.78 57.76 57.74 57.73 57.72 57.70 57.69 57.68 57.67 57.66 57.65 57.64 57.63 57.63 57.62 57.61 57.61 57.61 57.60 57.60 57.60
59.66 59.62 59.58 59.55 59.51 59.47 59.43 59.39 59.36 59.32 59.28 59.24 59.21 59.17 59.13 59.10 59.06 59.03 58.99 58.96 58.92 58.89 58.85 58.82 58.78 58.75 58.72 58.69 58.65 58.62 58.59 58.56 58.53 58.50 58.47 58.44 58.41 58.38 58.36 58.33 58.30 58.27 58.25 58.22 58.20 58.18 58.15 58.13 58.11 58.09 58.06 58.04 58.02 58.01 57.99 57.97 57.95 57.94 57.92 57.91 57.89 57.88 57.87 57.85 57.84 57.83 57.82 57.82 57.81 57.80 57.79 57.79 57.78 57.78 57.78 57.78 57.78
59.82 59.79 59.75 59.71 59.67 59.63 59.60 59.56 59.52 59.49 59.45 59.41 59.38 59.34 59.30 59.27 59.23 59.20 59.16 59.13 59.09 59.06 59.02 58.99 58.96 58.92 58.89 58.86 58.83 58.79 58.76 58.73 58.70 58.67 58.64 58.61 58.59 58.56 58.53 58.50 58.48 58.45 58.42 58.40 58.37 58.35 58.33 58.30 58.28 58.26 58.24 58.22 58.20 58.18 58.16 58.15 58.13 58.11 58.10 58.08 58.07 58.05 58.04 58.03 58.02 58.01 58.00 57.99 57.98 57.98 57.97 57.96 57.96 57.96 57.95 57.95 57.95
59.99 59.95 59.91 59.88 59.84 59.80 59.76 59.73 59.69 59.65 59.62 59.58 59.54 59.51 59.47 59.44 59.40 59.37 59.33 59.30 59.26 59.23 59.19 59.16 59.13 59.10 59.06 59.03 59.00 58.97 58.94 58.91 58.88 58.85 58.82 58.79 58.76 58.73 58.70 58.68 58.65 58.63 58.60 58.57 58.55 58.53 58.50 58.48 58.46 58.44 58.42 58.40 58.38 58.36 58.34 58.32 58.30 58.29 58.27 58.26 58.24 58.23 58.22 58.21 58.19 58.18 58.17 58.17 58.16 58.15 58.14 58.14 58.13 58.13 58.13 58.12 58.12
60.15 60.12 60.08 60.04 60.01 59.97 59.93 59.89 59.86 59.82 59.78 59.75 59.71 59.68 59.64 59.61 59.57 59.54 59.50 59.47 59.43 59.40 59.37 59.33 59.30 59.27 59.24 59.20 59.17 59.14 59.11 59.08 59.05 59.02 58.99 58.96 58.93 58.91 58.88 58.85 58.83 58.80 58.78 58.75 58.73 58.70 58.68 58.66 58.63 58.61 58.59 58.57 58.55 58.53 58.52 58.50 58.48 58.46 58.45 58.43 58.42 58.41 58.39 58.38 58.37 58.36 58.35 58.34 58.33 58.33 58.32 58.31 58.31 58.30 58.30 58.30 58.30
60.32 60.28 60.25 60.21 60.17 60.13 60.10 60.06 60.03 59.99 59.95 59.92 59.88 59.85 59.81 59.78 59.74 59.71 59.67 59.64 59.61 59.57 59.54 59.51 59.47 59.44 59.41 59.38 59.35 59.31 59.28 59.25 59.22 59.19 59.17 59.14 59.11 59.08 59.05 59.03 59.00 58.98 58.95 58.93 58.90 58.88 58.85 58.83 58.81 58.79 58.77 58.75 58.73 58.71 58.69 58.67 58.66 58.64 58.62 58.61 58.60 58.58 58.57 58.56 58.55 58.53 58.52 58.52 58.51 58.50 58.49 58.49 58.48 58.48 58.47 58.47 58.47
60.49 60.45 60.41 60.38 60.34 60.30 60.27 60.23 60.19 60.16 60.12 60.09 60.05 60.02 59.98 59.95 59.91 59.88 59.84 59.81 59.78 59.74 59.71 59.68 59.65 59.61 59.58 59.55 59.52 59.49 59.46 59.43 59.40 59.37 59.34 59.31 59.28 59.26 59.23 59.20 59.18 59.15 59.13 59.10 59.08 59.05 59.03 59.01 58.99 58.96 58.94 58.92 58.90 58.89 58.87 58.85 58.83 58.82 58.80 58.79 58.77 58.76 58.74 58.73 58.72 58.71 58.70 58.69 58.68 58.67 58.67 58.66 58.66 58.65 58.65 58.64 58.64
60.65 60.61 60.58 60.54 60.51 60.47 60.43 60.40 60.36 60.33 60.29 60.26 60.22 60.19 60.15 60.12 60.08 60.05 60.02 59.98 59.95 59.92 59.88 59.85 59.82 59.79 59.75 59.72 59.69 59.66 59.63 59.60 59.57 59.54 59.51 59.49 59.46 59.43 59.40 59.38 59.35 59.33 59.30 59.28 59.25 59.23 59.21 59.18 59.16 59.14 59.12 59.10 59.08 59.06 59.04 59.03 59.01 58.99 58.98 58.96 58.95 58.93 58.92 58.91 58.90 58.89 58.87 58.87 58.86 58.85 58.84 58.84 58.83 58.82 58.82 58.82 58.81
60.82 60.78 60.75 60.71 60.67 60.64 60.60 60.57 60.53 60.50 60.46 60.43 60.39 60.36 60.32 60.29 60.25 60.22 60.19 60.15 60.12 60.09 60.05 60.02 59.99 59.96 59.93 59.90 59.87 59.84 59.81 59.78 59.75 59.72 59.69 59.66 59.63 59.61 59.58 59.55 59.53 59.50 59.48 59.45 59.43 59.41 59.38 59.36 59.34 59.32 59.30 59.28 59.26 59.24 59.22 59.20 59.18 59.17 59.15 59.14 59.12 59.11 59.10 59.08 59.07 59.06 59.05 59.04 59.03 59.02 59.02 59.01 59.00 59.00 58.99 58.99 58.99
60.98 60.95 60.91 60.88 60.84 60.81 60.77 60.73 60.70 60.66 60.63 60.60 60.56 60.53 60.49 60.46 60.42 60.39 60.36 60.33 60.29 60.26 60.23 60.20 60.16 60.13 60.10 60.07 60.04 60.01 59.98 59.95 59.92 59.89 59.86 59.84 59.81 59.78 59.75 59.73 59.70 59.68 59.65 59.63 59.60 59.58 59.56 59.54 59.51 59.49 59.47 59.45 59.43 59.41 59.40 59.38 59.36 59.34 59.33 59.31 59.30 59.28 59.27 59.26 59.25 59.24 59.22 59.21 59.21 59.20 59.19 59.18 59.18 59.17 59.17 59.16 59.16
61.15 61.12 61.08 61.04 61.01 60.97 60.94 60.90 60.87 60.83 60.80 60.77 60.73 60.70 60.66 60.63 60.60 60.56 60.53 60.50 60.46 60.43 60.40 60.37 60.34 60.31 60.27 60.24 60.21 60.18 60.15 60.12 60.10 60.07 60.04 60.01 59.98 59.96 59.93 59.90 59.88 59.85 59.83 59.80 59.78 59.76 59.73 59.71 59.69 59.67 59.65 59.63 59.61 59.59 59.57 59.55 59.54 59.52 59.50 59.49 59.47 59.46 59.45 59.43 59.42 59.41 59.40 59.39 59.38 59.37 59.36 59.36 59.35 59.34 59.34 59.34 59.33
61.32 61.28 61.25 61.21 61.18 61.14 61.11 61.07 61.04 61.00 60.97 60.94 60.90 60.87 60.83 60.80 60.77 60.73 60.70 60.67 60.64 60.61 60.57 60.54 60.51 60.48 60.45 60.42 60.39 60.36 60.33 60.30 60.27 60.24 60.21 60.19 60.16 60.13 60.11 60.08 60.05 60.03 60.00 59.98 59.96 59.93 59.91 59.89 59.87 59.84 59.82 59.80 59.78 59.77 59.75 59.73 59.71 59.70 59.68 59.66 59.65 59.63 59.62 59.61 59.60 59.58 59.57 59.56 59.55 59.55 59.54 59.53 59.52 59.52 59.51 59.51 59.50
61.49 61.45 61.42 61.38 61.35 61.31 61.28 61.24 61.21 61.17 61.14 61.11 61.07 61.04 61.01 60.97 60.94 60.91 60.87 60.84 60.81 60.78 60.75 60.71 60.68 60.65 60.62 60.59 60.56 60.53 60.50 60.47 60.45 60.42 60.39 60.36 60.33 60.31 60.28 60.26 60.23 60.20 60.18 60.16 60.13 60.11 60.09 60.06 60.04 60.02 60.00 59.98 59.96 59.94 59.92 59.91 59.89 59.87 59.85 59.84 59.82 59.81 59.80 59.78 59.77 59.76 59.75 59.74 59.73 59.72 59.71 59.70 59.70 59.69 59.69 59.68 59.68
61.65 61.62 61.58 61.55 61.51 61.48 61.45 61.41 61.38 61.34 61.31 61.28 61.24 61.21 61.18 61.14 61.11 61.08 61.05 61.01 60.98 60.95 60.92 60.89 60.86 60.83 60.80 60.77 60.74 60.71 60.68 60.65 60.62 60.59 60.56 60.54 60.51 60.48 60.46 60.43 60.41 60.38 60.36 60.33 60.31 60.29 60.26 60.24 60.22 60.20 60.18 60.16 60.14 60.12 60.10 60.08 60.06 60.05 60.03 60.01 60.00 59.99 59.97 59.96 59.95 59.93 59.92 59.91 59.90 59.89 59.88 59.88 59.87 59.86 59.86 59.85 59.85
61.82 61.79 61.75 61.72 61.68 61.65 61.62 61.58 61.55 61.51 61.48 61.45 61.41 61.38 61.35 61.32 61.28 61.25 61.22 61.19 61.16 61.12 61.09 61.06 61.03 61.00 60.97 60.94 60.91 60.88 60.85 60.82 60.80 60.77 60.74 60.71 60.69 60.66 60.63 60.61 60.58 60.56 60.53 60.51 60.48 60.46 60.44 60.42 60.39 60.37 60.35 60.33 60.31 60.29 60.27 60.26 60.24 60.22 60.21 60.19 60.18 60.16 60.15 60.13 60.12 60.11 60.10 60.09 60.08 60.07 60.06 60.05 60.04 60.04 60.03 60.03 60.02
61.99 61.95 61.92 61.89 61.85 61.82 61.79 61.75 61.72 61.69 61.65 61.62 61.59 61.55 61.52 61.49 61.46 61.42 61.39 61.36 61.33 61.30 61.27 61.24 61.21 61.17 61.14 61.12 61.09 61.06 61.03 61.00 60.97 60.94 60.92 60.89 60.86 60.83 60.81 60.78 60.76 60.73 60.71 60.68 60.66 60.64 60.61 60.59 60.57 60.55 60.53 60.51 60.49 60.47 60.45 60.43 60.41 60.40 60.38 60.37 60.35 60.34 60.32 60.31 60.30 60.28 60.27 60.26 60.25 60.24 60.23 60.22 60.22 60.21 60.20 60.20 60.19
62.16 62.12 62.09 62.06 62.02 61.99 61.96 61.92 61.89 61.86 61.82 61.79 61.76 61.73 61.69 61.66 61.63 61.60 61.57 61.53 61.50 61.47 61.44 61.41 61.38 61.35 61.32 61.29 61.26 61.23 61.20 61.17 61.15 61.12 61.09 61.06 61.04 61.01 60.98 60.96 60.93 60.91 60.88 60.86 60.84 60.81 60.79 60.77 60.75 60.73 60.70 60.68 60.66 60.65 60.63 60.61 60.59 60.57 60.56 60.54 60.53 60.51 60.50 60.48 60.47 60.46 60.45 60.43 60.42 60.41 60.41 60.40 60.39 60.38 60.38 60.37 60.36
62.33 62.29 62.26 62.23 62.19 62.16 62.13 62.09 62.06 62.03 61.99 61.96 61.93 61.90 61.87 61.83 61.80 61.77 61.74 61.71 61.68 61.65 61.61 61.58 61.55 61.52 61.49 61.46 61.44 61.41 61.38 61.35 61.32 61.29 61.27 61.24 61.21 61.19 61.16 61.13 61.11 61.08 61.06 61.04 61.01 60.99 60.97 60.94 60.92 60.90 60.88 60.86 60.84 60.82 60.80 60.78 60.77 60.75 60.73 60.72 60.70 60.69 60.67 60.66 60.64 60.63 60.62 60.61 60.60 60.59 60.58 60.57 60.56 60.55 60.55 60.54 60.54
62.49 62.46 62.43 62.40 62.36 62.33 62.30 62.26 62.23 62.20 62.17 62.13 62.10 62.07 62.04 62.01 61.97 61.94 61.91 61.88 61.85 61.82 61.79 61.76 61.73 61.70 61.67 61.64 61.61 61.58 61.55 61.52 61.50 61.47 61.44 61.42 61.39 61.36 61.34 61.31 61.29 61.26 61.24 61.21 61.19 61.17 61.14 61.12 61.10 61.08 61.06 61.04 61.02 61.00 60.98 60.96 60.94 60.92 60.91 60.89 60.88 60.86 60.85 60.83 60.82 60.81 60.79 60.78 60.77 60.76 60.75 60.74 60.73 60.73 60.72 60.71 60.71
62.66 62.63 62.60 62.57 62.53 62.50 62.47 62.44 62.40 62.37 62.34 62.31 62.27 62.24 62.21 62.18 62.15 62.12 62.09 62.05 62.02 61.99 61.96 61.93 61.90 61.87 61.84 61.81 61.79 61.76 61.73 61.70 61.67 61.65 61.62 61.59 61.56 61.54 61.51 61.49 61.46 61.44 61.41 61.39 61.37 61.34 61.32 61.30 61.28 61.25 61.23 61.21 61.19 61.17 61.15 61.14 61.12 61.10 61.08 61.07 61.05 61.04 61.02 61.01 60.99 60.98 60.97 60.96 60.95 60.93 60.92 60.92 60.91 60.90 60.89 60.89 60.88
62.83 62.80 62.77 62.74 62.70 62.67 62.64 62.61 62.57 62.54 62.51 62.48 62.45 62.42 62.38 62.35 62.32 62.29 62.26 62.23 62.20 62.17 62.14 62.11 62.08 62.05 62.02 61.99 61.96 61.93 61.90 61.88 61.85 61.82 61.79 61.77 61.74 61.71 61.69 61.66 61.64 61.61 61.59 61.56 61.54 61.52 61.50 61.47 61.45 61.43 61.41 61.39 61.37 61.35 61.33 61.31 61.29 61.28 61.26 61.24 61.23 61.21 61.20 61.18 61.17 61.15 61.14 61.13 61.12 61.11 61.10 61.09 61.08 61.07 61.06 61.06 61.05
63.00 62.97 62.94 62.91 62.87 62.84 62.81 62.78 62.75 62.71 62.68 62.65 62.62 62.59 62.56 62.53 62.49 62.46 62.43 62.40 62.37 62.34 62.31 62.28 62.25 62.22 62.19 62.16 62.14 62.11 62.08 62.05 62.02 62.00 61.97 61.94 61.92 61.89 61.86 61.84 61.81 61.79 61.77 61.74 61.72 61.69 61.67 61.65 61.63 61.61 61.58 61.56 61.54 61.52 61.51 61.49 61.47 61.45 61.43 61.42 61.40 61.39 61.37 61.36 61.34 61.33 61.32 61.30 61.29 61.28 61.27 61.26 61.25 61.24 61.24 61.23 61.22
63.17 63.14 63.11 63.08 63.05 63.01 62.98 62.95 62.92 62.89 62.86 62.82 62.79 62.76 62.73 62.70 62.67 62.64 62.61 62.58 62.55 62.52 62.49 62.46 62.43 62.40 62.37 62.34 62.31 62.28 62.26 62.23 62.20 62.17 62.15 62.12 62.09 62.07 62.04 62.02 61.99 61.97 61.94 61.92 61.89 61.87 61.85 61.83 61.80 61.78 61.76 61.74 61.72 61.70 61.68 61.66 61.64 61.63 61.61 61.59 61.58 61.56 61.55 61.53 61.52 61.50 61.49 61.48 61.47 61.45 61.44 61.43 61.42 61.42 61.41 61.40 61.39
63.34 63.31 63.28 63.25 63.22 63.18 63.15 63.12 63.09 63.06 63.03 63.00 62.97 62.93 62.90 62.87 62.84 62.81 62.78 62.75 62.72 62.69 62.66 62.63 62.60 62.57 62.54 62.52 62.49 62.46 62.43 62.40 62.38 62.35 62.32 62.30 62.27 62.24 62.22 62.19 62.17 62.14 62.12 62.09 62.07 62.05 62.02 62.00 61.98 61.96 61.94 61.92 61.90 61.88 61.86 61.84 61.82 61.80 61.78 61.77 61.75 61.73 61.72 61.70 61.69 61.68 61.66 61.65 61.64 61.63 61.62 61.61 61.60 61.59 61.58 61.57 61.56
63.51 63.48 63.45 63.42 63.39 63.36 63.33 63.29 63.26 63.23 63.20 63.17 63.14 63.11 63.08 63.05 63.02 62.99 62.96 62.93 62.90 62.87 62.84 62.81 62.78 62.75 62.72 62.69 62.66 62.64 62.61 62.58 62.55 62.53 62.50 62.47 62.45 62.42 62.39 62.37 62.34 62.32 62.29 62.27 62.25 62.22 62.20 62.18 62.16 62.13 62.11 62.09 62.07 62.05 62.03 62.01 62.00 61.98 61.96 61.94 61.93 61.91 61.89 61.88 61.86 61.85 61.84 61.82 61.81 61.80 61.79 61.78 61.77 61.76 61.75 61.74 61.73
63.68 63.65 63.62 63.59 63.56 63.53 63.50 63.47 63.44 63.40 63.37 63.34 63.31 63.28 63.25 63.22 63.19 63.16 63.13 63.10 63.07 63.04 63.01 62.98 62.95 62.92 62.90 62.87 62.84 62.81 62.78 62.76 62.73 62.70 62.67 62.65 62.62 62.60 62.57 62.54 62.52 62.50 62.47 62.45 62.42 62.40 62.38 62.35 62.33 62.31 62.29 62.27 62.25 62.23 62.21 62.19 62.17 62.15 62.13 62.12 62.10 62.08 62.07 62.05 62.04 62.02 62.01 62.00 61.99 61.97 61.96 61.95 61.94 61.93 61.92 61.91 61.91
63.86 63.82 63.79 63.76 63.73 63.70 63.67 63.64 63.61 63.58 63.55 63.52 63.49 63.46 63.43 63.40 63.37 63.34 63.31 63.28 63.25 63.22 63.19 63.16 63.13 63.10 63.07 63.04 63.02 62.99 62.96 62.93 62.90 62.88 62.85 62.82 62.80 62.77 62.75 62.72 62.70 62.67 62.65 62.62 62.60 62.58 62.55 62.53 62.51 62.49 62.47 62.44 62.42 62.40 62.38 62.36 62.35 62.33 62.31 62.29 62.28 62.26 62.24 62.23 62.21 62.20 62.18 62.17 62.16 62.15 62.13 62.12 62.11 62.10 62.09 62.08 62.08
64.03 64.00 63.96 63.93 63.90 63.87 63.84 63.81 63.78 63.75 63.72 63.69 63.66 63.63 63.60 63.57 63.54 63.51 63.48 63.45 63.42 63.39 63.36 63.33 63.30 63.28 63.25 63.22 63.19 63.16 63.14 63.11 63.08 63.05 63.03 63.00 62.97 62.95 62.92 62.90 62.87 62.85 62.82 62.80 62.78 62.75 62.73 62.71 62.69 62.66 62.64 62.62 62.60 62.58 62.56 62.54 62.52 62.50 62.48 62.47 62.45 62.43 62.42 62.40 62.39 62.37 62.36 62.34 62.33 62.32 62.31 62.30 62.28 62.27 62.26 62.26 62.25
64.20 64.17 64.14 64.11 64.08 64.05 64.02 63.98 63.95 63.92 63.89 63.86 63.83 63.80 63.77 63.74 63.71 63.68 63.66 63.63 63.60 63.57 63.54 63.51 63.48 63.45 63.42 63.40 63.37 63.34 63.31 63.28 63.26 63.23 63.20 63.18 63.15 63.13 63.10 63.07 63.05 63.03 63.00 62.98 62.95 62.93 62.91 62.88 62.86 62.84 62.82 62.80 62.78 62.76 62.74 62.72 62.70 62.68 62.66 62.64 62.62 62.61 62.59 62.58 62.56 62.55 62.53 62.52 62.50 62.49 62.48 62.47 62.46 62.45 62.44 62.43 62.42
64.37 64.34 64.31 64.28 64.25 64.22 64.19 64.16 64.13 64.10 64.07 64.04 64.01 63.98 63.95 63.92 63.89 63.86 63.83 63.80 63.77 63.74 63.71 63.69 63.66 63.63 63.60 63.57 63.54 63.52 63.49 63.46 63.43 63.41 63.38 63.35 63.33 63.30 63.28 63.25 63.23 63.20 63.18 63.15 63.13 63.11 63.08 63.06 63.04 63.02 62.99 62.97 62.95 62.93 62.91 62.89 62.87 62.85 62.83 62.82 62.80 62.78 62.77 62.75 62.73 62.72 62.70 62.69 62.68 62.66 62.65 62.64 62.63 62.62 62.61 62.60 62.59
64.54 64.51 64.48 64.45 64.42 64.39 64.36 64.33 64.30 64.27 64.24 64.21 64.18 64.15 64.12 64.09 64.06 64.04 64.01 63.98 63.95 63.92 63.89 63.86 63.83 63.80 63.78 63.75 63.72 63.69 63.67 63.64 63.61 63.58 63.56 63.53 63.51 63.48 63.45 63.43 63.40 63.38 63.35 63.33 63.31 63.28 63.26 63.24 63.21 63.19 63.17 63.15 63.13 63.11 63.09 63.07 63.05 63.03 63.01 62.99 62.97 62.96 62.94 62.92 62.91 62.89 62.88 62.86 62.85 62.84 62.82 62.81 62.80 62.79 62.78 62.77 62.76
64.71 64.68 64.65 64.62 64.59 64.56 64.53 64.51 64.48 64.45 64.42 64.39 64.36 64.33 64.30 64.27 64.24 64.21 64.18 64.15 64.12 64.09 64.07 64.04 64.01 63.98 63.95 63.92 63.90 63.87 63.84 63.81 63.79 63.76 63.73 63.71 63.68 63.66 63.63 63.61 63.58 63.56 63.53 63.51 63.48 63.46 63.44 63.41 63.39 63.37 63.35 63.32 63.30 63.28 63.26 63.24 63.22 63.20 63.18 63.17 63.15 63.13 63.11 63.10 63.08 63.07 63.05 63.04 63.02 63.01 63.00 62.98 62.97 62.96 62.95 62.94 62.93
64.89 64.86 64.83 64.80 64.77 64.74 64.71 64.68 64.65 64.62 64.59 64.56 64.53 64.50 64.47 64.44 64.42 64.39 64.36 64.33 64.30 64.27 64.24 64.21 64.19 64.16 64.13 64.10 64.07 64.05 64.02 63.99 63.96 63.94 63.91 63.89 63.86 63.83 63.81 63.78 63.76 63.73 63.71 63.68 63.66 63.64 63.61 63.59 63.57 63.54 63.52 63.50 63.48 63.46 63.44 63.42 63.40 63.38 63.36 63.34 63.32 63.31 63.29 63.27 63.26 63.24 63.22 63.21 63.19 63.18 63.17 63.15 63.14 63.13 63.12 63.11 63.10
65.06 65.03 65.00 64.97 64.94 64.91 64.88 64.85 64.82 64.79 64.77 64.74 64.71 64.68 64.65 64.62 64.59 64.56 64.53 64.50 64.48 64.45 64.42 64.39 64.36 64.33 64.31 64.28 64.25 64.22 64.20 64.17 64.14 64.11 64.09 64.06 64.04 64.01 63.98 63.96 63.93 63.91 63.88 63.86 63.84 63.81 63.79 63.77 63.74 63.72 63.70 63.68 63.66 63.63 63.61 63.59 63.57 63.55 63.53 63.52 63.50 63.48 63.46 63.45 63.43 63.41 63.40 63.38 63.37 63.35 63.34 63.33 63.31 63.30 63.29 63.28 63.27
